-0.190505,0.80453,26.7774,-1.82464,-18.0373,24.2365,9.48453,12.1344,59.932,-4.69544,8.42501,50.6016
0.076645,-0.146541,26.6089,-2.77718,-19.6327,26.2398,9.22443,12.1435,60.6544,-5.05823,8.097,51.266
0.227368,-0.801047,27.0696,-3.61943,-20.5539,27.4628,8.84358,11.9749,61.5584,-5.27646,7.53863,52.1379
0.263162,-1.13631,27.9627,-4.34807,-20.8951,27.9964,8.32725,11.6313,62.5571,-5.26199,6.78309,53.1441
0.292309,-1.46728,28.6502,-5.59854,-23.5159,31.8133,7.79993,11.2992,63.8331,-5.20555,5.9,54.2917
0.307204,-1.49446,29.3942,-6.05188,-22.6758,31.0174,7.14984,10.9004,65.4412,-5.16199,4.96394,55.5362
0.301968,-1.19508,30.2821,-5.56205,-19.0406,26.3556,6.32845,10.4233,67.2568,-5.08315,3.97837,56.8753
0.20741,-1.05723,30.9869,-6.60638,-20.2546,28.8912,5.52649,10.0863,68.9472,-4.84213,2.95657,58.4384
0.221807,-0.605315,30.1404,-6.18518,-18.7222,27.3363,4.83817,9.37063,70.1454,-4.2753,1.96172,59.1812
0.124647,-0.0656925,30.8396,-5.57741,-16.2235,24.8128,3.94463,9.00743,72.0062,-4.1104,0.933714,61.126
-0.128222,0.583353,32.7455,-4.63391,-13.1491,21.5561,3.00807,8.92155,74.4388,-4.14269,-0.250691,63.7288
-0.259763,1.17792,33.3433,-4.30206,-11.4045,21.9882,2.14391,8.61844,76.0631,-3.9558,-1.29856,65.5617
-0.412534,1.87885,33.8334,-3.54247,-9.00614,21.4947,1.31799,8.30991,77.6017,-3.70124,-2.29266,67.3595
-0.550718,2.60738,34.2754,-3.02773,-7.08272,22.3085,0.524702,8.03111,78.9398,-3.40812,-3.23948,68.9504
-0.645708,3.11521,34.6287,-2.75115,-5.98762,23.3769,-0.018971,7.91921,80.0421,-3.20934,-3.9579,70.3616
-0.715022,3.42516,34.87,-2.56953,-5.49864,23.9653,-0.362474,7.90337,80.9579,-3.09579,-4.49591,71.5601
-0.831331,3.65354,35.6944,-2.49258,-5.35138,24.8529,-0.677058,8.12751,82.3345,-3.1134,-5.05764,73.1714
-0.816434,3.70798,35.0798,-2.38043,-5.17895,24.2747,-0.692842,8.00773,82.3284,-3.01846,-5.19542,73.437
-0.855337,3.77088,35.077,-2.34146,-5.11915,24.2799,-0.77747,8.0819,82.8471,-3.02032,-5.42316,74.1957
-0.885244,3.81328,35.0363,-2.31037,-5.07822,24.2566,-0.819364,8.17018,83.2346,-3.02412,-5.58739,74.7806
-0.897865,3.8373,34.9768,-2.299,-5.05383,24.2492,-0.841293,8.25774,83.5595,-3.0356,-5.70413,75.2802
-0.955465,3.89806,35.2748,-2.34328,-5.0625,24.6155,-0.918495,8.4483,84.2108,-3.07759,-5.89347,76.0738
-0.943163,3.87287,34.7765,-2.3366,-5.01499,24.2323,-0.876233,8.39937,84.0498,-3.05839,-5.87504,76.0619
-0.943966,3.88291,34.6994,-2.34271,-5.00215,24.2396,-0.871228,8.46672,84.204,-3.06522,-5.91247,76.3078
-0.950193,3.89137,34.6188,-2.35277,-4.99039,24.2454,-0.875514,8.52115,84.3247,-3.07946,-5.93864,76.5082
-0.963554,3.89887,34.5363,-2.36794,-4.97878,24.2463,-0.893772,8.56349,84.4054,-3.10594,-5.9555,76.6583
-0.955068,3.90587,34.4933,-2.3684,-4.96753,24.2551,-0.879969,8.60698,84.4442,-3.10934,-5.94194,76.7189
-0.945689,3.91303,34.4628,-2.3681,-4.95552,24.2586,-0.863997,8.64271,84.4504,-3.11061,-5.91521,76.7265
-0.936058,3.92085,34.4555,-2.3647,-4.94177,24.2477,-0.848169,8.66891,84.4224,-3.11625,-5.87924,76.6984
-0.906463,3.94844,34.5093,-2.34493,-4.91624,24.2391,-0.807077,8.71668,84.3631,-3.1059,-5.81572,76.6125
-0.907798,3.94228,34.534,-2.34825,-4.91093,24.2032,-0.790047,8.70341,84.266,-3.1113,-5.7811,76.5056
-0.89996,3.95159,34.5752,-2.34214,-4.89867,24.1826,-0.774679,8.69568,84.1501,-3.11089,-5.74163,76.3785
-0.898663,3.95872,34.6085,-2.33902,-4.89038,24.1639,-0.759084,8.67735,84.0298,-3.1048,-5.70791,76.2546
-0.900746,3.96469,34.6353,-2.33798,-4.88397,24.145,-0.742585,8.65587,83.9046,-3.09576,-5.67762,76.1287
-0.903141,3.96927,34.6597,-2.33672,-4.87929,24.1304,-0.727721,8.63337,83.7955,-3.08701,-5.65122,76.0219
-0.910014,3.97488,34.7072,-2.33852,-4.8778,24.1372,-0.715132,8.61474,83.7013,-3.07945,-5.63086,75.932
-0.909301,3.97666,34.7015,-2.33574,-4.87289,24.1085,-0.700866,8.59504,83.6163,-3.06995,-5.6098,75.8502
-0.9118,3.97982,34.7208,-2.33495,-4.87048,24.1024,-0.69123,8.57929,83.548,-3.0635,-5.59485,75.7869
-0.912876,3.98154,34.7202,-2.33346,-4.86676,24.08,-0.679209,8.56233,83.4756,-3.05559,-5.57826,75.7198
-0.917046,3.98515,34.7557,-2.33433,-4.86716,24.0959,-0.676939,8.55604,83.4494,-3.05408,-5.57434,75.699
-0.919364,3.98746,34.7713,-2.33409,-4.86589,24.0949,-0.672496,8.54751,83.4149,-3.05124,-5.56778,75.6702
-0.921538,3.98958,34.7854,-2.33389,-4.86473,24.0944,-0.669449,8.54049,83.3872,-3.0494,-5.56298,75.6483
-0.922281,3.99074,34.7851,-2.33288,-4.8623,24.0813,-0.664737,8.53181,83.3532,-3.04665,-5.55586,75.6197
-0.925617,3.99324,34.8093,-2.3337,-4.86283,24.095,-0.666714,8.52978,83.3461,-3.04811,-5.55741,75.6194
-0.927192,3.99494,34.8198,-2.33352,-4.86185,24.0958,-0.666406,8.52568,83.3319,-3.04829,-5.55566,75.6105
-0.927773,3.99575,34.8165,-2.3326,-4.85976,24.0849,-0.664505,8.51901,83.3066,-3.0473,-5.55157,75.5915
-0.930529,3.99774,34.8354,-2.33344,-4.86023,24.0968,-0.667408,8.51845,83.3057,-3.04971,-5.55398,75.5963
-0.931898,3.99904,34.8422,-2.33335,-4.85943,24.0977,-0.668349,8.51535,83.2953,-3.05078,-5.55351,75.5916
-0.933527,4.00043,34.8485,-2.33328,-4.85852,24.0983,-0.669694,8.51166,83.2826,-3.05219,-5.55311,75.5857
-0.0852031,0.144479,28.3325,-3.43839,-18.5397,24.3681,9.84632,15.2987,61.5727,-6.4206,10.5234,51.044
-0.326033,1.09631,31.4035,-1.81347,-6.61227,9.04475,7.83456,11.0746,59.7827,-4.85207,7.34738,51.9254
-0.104775,0.660674,31.0812,-2.11499,-6.64111,9.0734,7.29288,10.8267,61.318,-4.77082,7.03548,51.6579
0.0511804,0.252793,30.6917,-2.68187,-7.83693,10.6732,6.92821,10.3328,61.9138,-4.56505,6.53394,51.8304
0.194221,-0.11167,30.3661,-3.38714,-9.45468,12.8659,6.5624,9.8848,62.6308,-4.42652,5.99229,52.2234
0.309574,-0.435693,29.98,-4.04109,-11.1064,15.1074,6.23449,9.39566,63.4174,-4.23258,5.37612,52.6197
0.372064,-0.638965,29.7363,-4.5786,-12.8033,17.3946,5.88802,8.8157,64.0694,-3.94168,4.65093,53.0412
0.348945,-0.561772,30.1284,-4.9471,-13.6092,18.6338,5.42632,8.29461,64.4703,-3.64409,4.02342,53.6751
0.306443,-0.460979,29.6603,-5.089,-14.8316,20.5295,5.02567,7.64744,65.1033,-3.15545,3.12019,54.1796
0.285832,-0.281464,29.4483,-5.05802,-15.2041,23.6065,4.52305,7.06783,65.5564,-2.7658,2.34145,54.945
0.226362,-0.0538728,29.5578,-4.66772,-11.146,30.483,4.10431,6.40221,65.8842,-2.36236,1.54806,55.3305
0.116011,0.770911,30.1741,-3.54241,-7.65074,24.1546,3.4584,5.76495,66.1495,-2.08725,0.933449,55.9646
-0.00334394,1.49676,30.2267,-2.98225,-6.65992,20.7674,2.85384,5.16916,66.3943,-1.68234,0.257694,56.6747
-0.112321,2.20963,30.1051,-2.74597,-6.16444,20.3214,2.20969,4.58171,66.6094,-1.21956,-0.472294,57.3033
-0.201018,2.75439,30.023,-2.60499,-5.82449,20.4422,1.71803,4.14842,66.7999,-0.851961,-1.06099,57.9204
-0.283817,3.1261,29.9612,-2.47726,-5.56358,20.532,1.3588,3.81538,66.9954,-0.579593,-1.54726,58.496
-0.362321,3.37023,29.8914,-2.37588,-5.37339,20.5311,1.11404,3.56525,67.1529,-0.375796,-1.93939,58.9847
-0.437884,3.53301,29.7934,-2.31706,-5.23175,20.4834,0.918698,3.35952,67.3334,-0.234068,-2.2681,59.5039
-0.507387,3.65215,29.6813,-2.28201,-5.12018,20.4,0.773212,3.2018,67.4743,-0.128468,-2.53083,59.9586
-0.568838,3.74674,29.5743,-2.25314,-5.02652,20.2949,0.678355,3.09012,67.5446,-0.0411692,-2.73088,60.2961
-0.612967,3.81755,29.4759,-2.24415,-4.95347,20.2034,0.612176,3.00437,67.5957,0.0242533,-2.881,60.5907
-0.673237,3.8821,29.3504,-2.2719,-4.88555,20.1001,0.561062,2.92933,67.623,0.0850405,-3.01039,60.841
-0.71584,3.92931,29.2398,-2.28879,-4.83201,20.0115,0.518018,2.86733,67.6327,0.120212,-3.10361,61.0537
-0.741658,3.96956,29.1536,-2.2995,-4.78656,19.9334,0.509899,2.82554,67.5969,0.15868,-3.15623,61.1724
-0.769414,4.00339,29.0641,-2.31386,-4.74693,19.8566,0.5019,2.78722,67.5461,0.183372,-3.19132,61.2622
-0.800685,4.03203,28.9686,-2.33306,-4.71165,19.7771,0.488765,2.7519,67.4719,0.190488,-3.21129,61.3172
-0.807062,4.05721,28.9083,-2.33781,-4.68094,19.7092,0.517071,2.73165,67.3709,0.215571,-3.19451,61.2955
-0.808611,4.07977,28.8576,-2.34084,-4.65324,19.645,0.556232,2.71657,67.2504,0.239784,-3.15879,61.2317
-0.805531,4.09941,28.8155,-2.34171,-4.62967,19.5883,0.598775,2.70822,67.125,0.257674,-3.10839,61.1414
-0.794109,4.1182,28.7985,-2.33948,-4.60957,19.5429,0.654556,2.71524,66.9818,0.274647,-3.03933,60.996
-0.776448,4.13748,28.7966,-2.33263,-4.59148,19.5053,0.723254,2.72238,66.8625,0.305163,-2.96515,60.8587
-0.759919,4.15525,28.7954,-2.32566,-4.57367,19.4732,0.774582,2.72804,66.7434,0.321287,-2.90401,60.735
-0.746283,4.17062,28.7871,-2.31966,-4.55811,19.4443,0.824328,2.73351,66.646,0.338021,-2.85346,60.6468
-0.734636,4.18486,28.7752,-2.31484,-4.54413,19.4155,0.874564,2.74095,66.5541,0.354737,-2.80741,60.5684
-0.723034,4.19804,28.7653,-2.30943,-4.53189,19.39,0.923321,2.74891,66.4786,0.369968,-2.76424,60.5085
-0.71283,4.21087,28.7551,-2.30486,-4.5206,19.3648,0.97226,2.75784,66.4042,0.384635,-2.72203,60.4499
-0.701856,4.22358,28.7493,-2.29956,-4.51004,19.3417,1.02083,2.76955,66.3473,0.398722,-2.68198,60.4065
-0.691484,4.23658,28.7451,-2.29428,-4.49952,19.3197,1.06701,2.78101,66.2904,0.410864,-2.64279,60.3633
-0.682248,4.24974,28.7418,-2.28971,-4.48915,19.2974,1.11245,2.79383,66.2381,0.421939,-2.60468,60.3243
-0.673197,4.26375,28.7414,-2.28485,-4.4782,19.2758,1.155,2.80645,66.1894,0.431304,-2.56791,60.2887
-0.665197,4.27853,28.7428,-2.28046,-4.46665,19.2542,1.19541,2.81945,66.1436,0.439193,-2.53252,60.2563
-0.658187,4.29446,28.7464,-2.2763,-4.45406,19.2321,1.233,2.83207,66.0995,0.445648,-2.49873,60.2265
-0.652329,4.31186,28.7523,-2.27249,-4.44011,19.2094,1.26771,2.8442,66.0572,0.450863,-2.46666,60.1997
-0.647759,4.33138,28.7604,-2.26866,-4.42412,19.1858,1.29821,2.85396,66.0123,0.455138,-2.43722,60.1738
-0.644396,4.35375,28.7722,-2.26514,-4.40529,19.1595,1.32492,2.86203,65.9693,0.458816,-2.40997,60.1517
-0.643302,4.37929,28.7839,-2.26202,-4.38296,19.1296,1.34661,2.86664,65.9225,0.462273,-2.38602,60.1307
-0.642133,4.40875,28.8186,-2.2545,-4.35707,19.1227,1.36435,2.8664,65.8726,0.46767,-2.36642,60.1106
-0.627247,4.45729,29.0283,-2.23107,-4.32063,19.1898,1.38196,2.87615,65.8596,0.483328,-2.36096,60.1152
-0.655147,4.48391,28.8619,-2.2426,-4.25899,19.12,1.36892,2.91163,65.935,0.489263,-2.49551,60.3169
-0.131442,0.0869358,27.7313,-3.33199,-18.5313,24.4086,9.79438,15.0532,61.5103,-6.34281,10.4699,50.7704
-0.356797,0.969059,30.655,-1.85653,-7.38242,10.059,7.79952,10.8691,59.6937,-4.78658,7.30059,51.677
-0.148161,0.521734,30.4068,-2.27539,-7.88104,10.6804,7.24712,10.6751,61.189,-4.73971,6.9804,51.5146
-0.0144712,0.152293,30.19,-2.85299,-9.12321,12.3316,6.85298,10.2318,61.7453,-4.58002,6.46579,51.8209
0.10583,-0.157311,30.078,-3.4658,-10.3462,14.0146,6.45523,9.81007,62.44,-4.48687,5.90383,52.3258
0.200107,-0.396193,29.9655,-4.01205,-11.3904,15.4919,6.09606,9.34876,63.1945,-4.34596,5.26471,52.8662
0.250594,-0.541338,29.9115,-4.41862,-12.3627,16.8694,5.73118,8.7723,63.8356,-4.09738,4.51712,53.3846
0.231674,-0.487588,30.3264,-4.70207,-12.6739,17.4897,5.27328,8.2193,64.2651,-3.81166,3.85954,54.0182
0.201293,-0.441415,29.8097,-4.84969,-13.7676,19.2352,4.89183,7.5488,64.9216,-3.32582,2.92449,54.5329
0.198194,-0.349988,29.4833,-4.82105,-14.3298,22.5226,4.41465,6.94184,65.4114,-2.91748,2.11594,55.2609
0.154405,-0.213356,29.4535,-4.42624,-10.6699,30.1201,4.01702,6.2639,65.7747,-2.48424,1.30403,55.588
0.0498225,0.568762,29.9705,-3.45639,-7.49444,24.5098,3.3814,5.64283,66.0485,-2.21323,0.695232,56.2286
-0.0627379,1.29375,30.0119,-2.90692,-6.54487,21.1628,2.7794,5.04778,66.3107,-1.80295,0.0328064,56.9159
-0.163804,2.01354,29.8971,-2.65252,-6.02473,20.698,2.13842,4.46123,66.5415,-1.33201,-0.680509,57.5158
-0.243519,2.56837,29.8263,-2.49544,-5.65904,20.7816,1.65122,4.03109,66.7452,-0.956724,-1.24973,58.1056
-0.316736,2.95046,29.7793,-2.35564,-5.37943,20.8375,1.29764,3.70222,66.9533,-0.677383,-1.71544,58.6547
-0.385608,3.2036,29.727,-2.24416,-5.17588,20.8115,1.05919,3.45669,67.1236,-0.467516,-2.08677,59.1163
-0.450909,3.37563,29.6479,-2.17754,-5.02535,20.7406,0.8715,3.25662,67.3175,-0.320279,-2.39343,59.6075
-0.511447,3.50292,29.5563,-2.13534,-4.90621,20.6372,0.732355,3.10364,67.4708,-0.210741,-2.63573,60.0349
-0.564431,3.60489,29.4703,-2.10009,-4.8065,20.5147,0.64376,2.99687,67.5534,-0.120449,-2.81587,60.3456
-0.600631,3.68234,29.3928,-2.08515,-4.72799,20.4079,0.583633,2.91603,67.6164,-0.0529836,-2.94694,60.6141
-0.65354,3.75255,29.288,-2.10743,-4.65555,20.2917,0.538282,2.84579,67.6552,0.00893353,-3.05844,60.8394
-0.688873,3.80517,29.1968,-2.11968,-4.59856,20.1901,0.501429,2.78898,67.6761,0.0446148,-3.13405,61.0279
-0.70869,3.84996,29.1296,-2.12611,-4.54921,20.1,0.498336,2.75133,67.6505,0.0825562,-3.17133,61.1244
-0.731167,3.88765,29.0579,-2.13684,-4.50616,20.012,0.494959,2.71673,67.6091,0.105889,-3.19257,61.1936
-0.757903,3.91944,28.9789,-2.15309,-4.46796,19.9221,0.486017,2.68466,67.5438,0.110841,-3.20024,61.2297
-0.760565,3.94695,28.9338,-2.15537,-4.43433,19.844,0.518134,2.66719,67.4508,0.133044,-3.17271,61.191
-0.759211,3.97113,28.8971,-2.15658,-4.40396,19.77,0.560675,2.65435,67.3376,0.153633,-3.12786,61.1121
-0.754051,3.99167,28.8675,-2.15621,-4.37788,19.7037,0.606141,2.64764,67.2186,0.167152,-3.06996,61.0088
-0.741405,4.01053,28.8617,-2.15327,-4.35532,19.6492,0.664396,2.65571,67.0811,0.179081,-2.995,60.8523
-0.723321,4.02919,28.8696,-2.14631,-4.33487,19.6025,0.735116,2.66309,66.9665,0.203812,-2.91663,60.7058
-0.707213,4.0457,28.8768,-2.13977,-4.31472,19.5612,0.787904,2.66808,66.851,0.213406,-2.85305,60.5748
-0.694771,4.05936,28.8756,-2.13473,-4.2969,19.523,0.838587,2.67181,66.7562,0.222903,-2.80179,60.4812
-0.685021,4.07148,28.8694,-2.13133,-4.28074,19.4849,0.889319,2.67641,66.6657,0.231842,-2.75667,60.3991
-0.67593,4.0822,28.8642,-2.12767,-4.26625,19.4498,0.938194,2.68033,66.5903,0.238854,-2.71601,60.3371
-0.668756,4.09232,28.8577,-2.12509,-4.25266,19.4147,0.986955,2.68406,66.5147,0.245042,-2.67776,60.2781
-0.661223,4.10219,28.8547,-2.12193,-4.23971,19.3814,1.03512,2.68934,66.4554,0.250482,-2.64304,60.2354
-0.654663,4.11235,28.8528,-2.11884,-4.22658,19.3489,1.08064,2.69314,66.3948,0.253984,-2.6105,60.1943
-0.649527,4.12282,28.8514,-2.11646,-4.21338,19.3156,1.12516,2.69706,66.3376,0.256557,-2.58032,60.1585
-0.644833,4.13439,28.8529,-2.11367,-4.19917,19.2827,1.16651,2.69944,66.2828,0.2577,-2.55277,60.1272
-0.641389,4.14717,28.8563,-2.11119,-4.18394,19.2492,1.20535,2.70086,66.2298,0.257793,-2.52786,60.1002
-0.639121,4.16167,28.862,-2.10871,-4.1671,19.2149,1.24091,2.70047,66.1775,0.257034,-2.50588,60.0768
-0.638172,4.17837,28.8707,-2.10627,-4.14825,19.1794,1.273,2.69807,66.126,0.25578,-2.487,60.0574
-0.638696,4.19822,28.8824,-2.10371,-4.12644,19.1409,1.30007,2.69179,66.0708,0.254457,-2.47215,60.04
-0.640728,4.2224,28.8979,-2.10196,-4.10054,19.0939,1.32228,2.68233,66.0168,0.253419,-2.46058,60.0273
-0.645324,4.25018,28.9118,-2.09964,-4.07007,19.0456,1.33849,2.66748,65.958,0.253368,-2.45321,60.0151
-0.64812,4.27669,28.9625,-2.08312,-4.03665,19.0701,1.35168,2.6457,65.8989,0.258558,-2.45452,60.0041
-0.634631,4.31354,29.2247,-2.04494,-3.99008,19.1964,1.36262,2.64252,65.898,0.276552,-2.48574,60.0428
-0.692804,4.32551,28.8023,-2.08046,-3.89958,19.0049,1.34269,2.54238,65.7766,0.267391,-2.61272,60.1338
-0.118479,0.0557773,27.6567,-3.3029,-18.5575,24.4399,9.81144,15.0545,61.5434,-6.33283,10.4332,50.8132
-0.346477,0.94548,30.6004,-1.85407,-7.39498,10.0775,7.81225,10.8761,59.7193,-4.78227,7.26862,51.7255
-0.141256,0.504534,30.3815,-2.27429,-7.86262,10.6609,7.25633,10.6825,61.2092,-4.73893,6.95106,51.5615
-0.0102618,0.140885,30.1859,-2.84886,-9.06747,12.2661,6.85854,10.2383,61.7621,-4.58272,6.43811,51.8663
0.107746,-0.163364,30.0882,-3.45778,-10.2629,13.9149,6.45754,9.81563,62.4543,-4.49206,5.87844,52.3683
0.200222,-0.397165,29.9865,-4.00023,-11.2873,15.3674,6.09575,9.35379,63.2063,-4.35284,5.24193,52.9061
0.249514,-0.537511,29.9382,-4.40683,-12.2522,16.7361,5.7291,8.77737,63.844,-4.10487,4.49694,53.4237
0.229911,-0.48113,30.3526,-4.69235,-12.569,17.3635,5.27029,8.22425,64.2698,-3.81947,3.84076,54.0586
0.19879,-0.433372,29.8309,-4.84386,-13.6681,19.1119,4.88799,7.5533,64.922,-3.33408,2.90644,54.5765
0.195353,-0.343329,29.4956,-4.81832,-14.2686,22.3694,4.41062,6.94494,65.409,-2.92549,2.09759,55.3065
0.151874,-0.212216,29.4543,-4.42377,-10.6845,29.9643,4.01383,6.26496,65.7716,-2.4903,1.28381,55.6321
0.0478679,0.563755,29.9638,-3.46426,-7.50166,24.5445,3.37951,5.64244,66.046,-2.21674,0.672492,56.2685
-0.0647327,1.29226,30.0097,-2.90867,-6.53748,21.1478,2.77717,5.04739,66.3074,-1.8063,0.0124745,56.9542
-0.165646,2.01263,29.8971,-2.65312,-6.01543,20.6688,2.13653,4.46022,66.5387,-1.335,-0.699709,57.551
-0.24505,2.56645,29.8265,-2.49668,-5.6512,20.7581,1.64995,4.02931,66.7434,-0.959243,-1.26847,58.1376
-0.317961,2.94766,29.779,-2.35748,-5.37247,20.8215,1.29701,3.69998,66.9523,-0.679474,-1.73354,58.6837
-0.38655,3.20038,29.7262,-2.24634,-5.16912,20.8011,1.05916,3.45442,67.1232,-0.469249,-2.1039,59.1429
-0.451569,3.37218,29.6463,-2.17997,-5.01854,20.7346,0.872087,3.25458,67.3174,-0.321718,-2.40942,59.632
-0.511827,3.49928,29.5539,-2.13798,-4.89929,20.635,0.733549,3.10195,67.471,-0.21195,-2.65054,60.0576
-0.564538,3.60107,29.4669,-2.10291,-4.79944,20.5155,0.645541,2.99558,67.5539,-0.121483,-2.82954,60.3666
-0.600477,3.67829,29.3884,-2.08811,-4.72077,20.4112,0.585976,2.9151,67.6172,-0.0538937,-2.95953,60.6336
-0.653141,3.74827,29.2826,-2.11052,-4.64819,20.2969,0.541155,2.8452,67.6563,0.00810834,-3.07002,60.8573
-0.688244,3.80066,29.1905,-2.12286,-4.59105,20.1968,0.504792,2.78868,67.6775,0.0438414,-3.1447,61.0444
-0.707849,3.84523,29.1223,-2.12936,-4.54154,20.1078,0.502146,2.7513,67.6521,0.0818087,-3.1811,61.1396
-0.73013,3.88272,29.0498,-2.14015,-4.49834,20.0207,0.499175,2.71692,67.6109,0.105145,-3.20153,61.2076
-0.756686,3.91432,28.9702,-2.15645,-4.46,19.9315,0.4906,2.68503,67.5457,0.110083,-3.20845,61.2425
-0.759181,3.94167,28.9244,-2.15876,-4.42621,19.8541,0.523052,2.66773,67.4528,0.132261,-3.18023,61.2027
-0.757669,3.96571,28.887,-2.16,-4.3957,19.7805,0.565897,2.65502,67.3397,0.152814,-3.13474,61.1228
-0.752362,3.98612,28.8568,-2.15965,-4.36948,19.7146,0.611643,2.64841,67.2208,0.166287,-3.07626,61.0184
-0.739577,4.00486,28.8504,-2.15672,-4.34678,19.6604,0.670151,2.65655,67.0833,0.178167,-3.00075,60.861
-0.721361,4.02344,28.8579,-2.14978,-4.32619,19.6139,0.741109,2.66399,66.9687,0.202842,-2.92188,60.7136
-0.705129,4.03989,28.8646,-2.14327,-4.3059,19.5728,0.794119,2.66902,66.8532,0.212376,-2.85782,60.5818
-0.692566,4.05349,28.8629,-2.13825,-4.28794,19.5349,0.845024,2.67278,66.7583,0.221807,-2.80611,60.4874
-0.682697,4.06555,28.8563,-2.13488,-4.27164,19.4969,0.895977,2.67741,66.6677,0.230678,-2.76058,60.4045
-0.673489,4.0762,28.8506,-2.13124,-4.25699,19.4619,0.945074,2.68135,66.5922,0.237621,-2.71951,60.3417
-0.666198,4.08626,28.8437,-2.1287,-4.24325,19.427,0.994058,2.68509,66.5165,0.243741,-2.68088,60.2819
-0.658548,4.09607,28.8402,-2.12558,-4.23014,19.3939,1.04245,2.69038,66.4571,0.249116,-2.6458,60.2385
-0.65187,4.10617,28.8378,-2.12255,-4.21684,19.3616,1.08819,2.69418,66.3963,0.252559,-2.61293,60.1966
-0.646614,4.11657,28.836,-2.12023,-4.20345,19.3285,1.13294,2.69808,66.339,0.255083,-2.58242,60.16
-0.641797,4.12808,28.8369,-2.11751,-4.18907,19.2958,1.17451,2.70042,66.2841,0.256189,-2.55457,60.128
-0.638226,4.14079,28.8397,-2.11511,-4.17364,19.2626,1.21357,2.70178,66.2309,0.256264,-2.52937,60.1003
-0.635826,4.15524,28.8448,-2.11272,-4.15662,19.2286,1.24933,2.7013,66.1783,0.255512,-2.50714,60.0761
-0.634742,4.17189,28.8529,-2.11041,-4.13756,19.1936,1.2816,2.69878,66.1266,0.254292,-2.48803,60.0559
-0.63513,4.19171,28.8638,-2.10798,-4.1155,19.1556,1.30884,2.69232,66.0713,0.253033,-2.47293,60.0375
-0.637001,4.21579,28.8787,-2.1063,-4.08931,19.1096,1.3312,2.68258,66.0171,0.252125,-2.46136,60.0242
-0.641317,4.24336,28.8923,-2.10391,-4.05918,19.0639,1.3476,2.66727,65.9586,0.252413,-2.45513,60.0129
-0.643777,4.27054,28.9429,-2.08838,-4.02783,19.0893,1.36089,2.64554,65.9005,0.258039,-2.4577,60.0037
-0.631352,4.30783,29.1894,-2.05079,-3.98302,19.2254,1.37157,2.6416,65.8919,0.275355,-2.47711,60.0214
-0.701728,4.33219,28.7554,-2.12784,-3.81969,18.7968,1.34248,2.5319,65.6996,0.249113,-2.53775,60.0169
-0.120666,0.0592839,27.695,-3.3016,-18.5799,24.4682,9.81032,15.0479,61.5183,-6.33831,10.4521,50.789
-0.348763,0.947409,30.6408,-1.85786,-7.41642,10.1053,7.81132,10.8661,59.698,-4.78571,7.2827,51.7
-0.143182,0.506032,30.4175,-2.27886,-7.8832,10.6878,7.25553,10.6726,61.1903,-4.74223,6.96313,51.5381
-0.0121071,0.142904,30.2198,-2.85255,-9.08337,12.2869,6.85798,10.2293,61.7445,-4.58618,6.44967,51.8445
0.105967,-0.16056,30.1206,-3.46019,-10.2728,13.928,6.45722,9.80785,62.4375,-4.49591,5.88988,52.3482
0.198592,-0.394099,30.0174,-4.00146,-11.2917,15.3734,6.09578,9.34693,63.1905,-4.35708,5.25297,52.8872
0.248167,-0.535113,29.9669,-4.40709,-12.2524,16.7366,5.72969,8.77113,63.8298,-4.10935,4.50708,53.4055
0.228825,-0.479013,30.3787,-4.69196,-12.566,17.3596,5.27138,8.21896,64.2567,-3.82413,3.85041,54.0415
0.198107,-0.43241,29.854,-4.84338,-13.6631,19.1036,4.88978,7.5486,64.9109,-3.33878,2.91506,54.5601
0.195027,-0.34271,29.5147,-4.81821,-14.2716,22.3453,4.41308,6.94183,65.3988,-2.93009,2.10627,55.2918
0.151887,-0.212396,29.4673,-4.42404,-10.7024,29.9484,4.01697,6.26358,65.7618,-2.49427,1.29274,55.6195
0.0481198,0.56088,29.9738,-3.46705,-7.51252,24.5807,3.3829,5.63955,66.0383,-2.21999,0.678607,56.2556
-0.0645114,1.29003,30.0199,-2.90878,-6.54231,21.1594,2.78027,5.04401,66.3008,-1.80952,0.0176915,56.9424
-0.165428,2.01127,29.9061,-2.65247,-6.01832,20.6727,2.13953,4.45741,66.5323,-1.33795,-0.694706,57.5409
-0.244799,2.56584,29.8338,-2.49595,-5.6532,20.7617,1.65289,4.02722,66.7369,-0.96187,-1.26351,58.1292
-0.317671,2.94749,29.7849,-2.35671,-5.37371,20.8252,1.29988,3.69837,66.9461,-0.681835,-1.7288,58.6766
-0.386228,3.20035,29.7311,-2.24552,-5.16978,20.8042,1.06193,3.45298,67.1173,-0.471409,-2.09957,59.1368
-0.451231,3.37216,29.6504,-2.1791,-5.01881,20.7369,0.874731,3.25318,67.312,-0.32373,-2.40555,59.6266
-0.511488,3.49923,29.5573,-2.1371,-4.89929,20.6367,0.736053,3.10052,67.4661,-0.21385,-2.64712,60.0528
-0.564211,3.60097,29.4698,-2.10202,-4.79924,20.5167,0.647891,2.99411,67.5494,-0.123298,-2.82652,60.3623
-0.600171,3.67818,29.391,-2.08722,-4.72041,20.4121,0.588167,2.91361,67.6131,-0.0556485,-2.95684,60.6296
-0.652862,3.74816,29.2849,-2.10964,-4.64769,20.2976,0.543187,2.84372,67.6525,0.0063975,-3.06762,60.8538
-0.687996,3.80055,29.1926,-2.122,-4.59045,20.1974,0.506672,2.78723,67.674,0.0421585,-3.14253,61.0412
-0.707632,3.84512,29.1242,-2.12852,-4.54086,20.1083,0.503881,2.74988,67.6488,0.0801433,-3.17915,61.1367
-0.729945,3.8826,29.0515,-2.13934,-4.4976,20.0212,0.500776,2.71555,67.6079,0.103488,-3.19977,61.2049
-0.756531,3.91419,28.9717,-2.15566,-4.45921,19.932,0.492081,2.68372,67.5428,0.108429,-3.20684,61.2401
-0.759054,3.94152,28.9258,-2.158,-4.4254,19.8545,0.524418,2.66648,67.4501,0.130603,-3.17877,61.2005
-0.75757,3.96553,28.8883,-2.15927,-4.39487,19.7809,0.567161,2.65384,67.3372,0.151149,-3.13341,61.1209
-0.752288,3.98591,28.858,-2.15895,-4.36865,19.7151,0.612815,2.6473,67.2185,0.16461,-3.07504,61.0167
-0.739526,4.00462,28.8515,-2.15605,-4.34595,19.6609,0.671244,2.65553,67.0811,0.176475,-2.99964,60.8595
-0.721331,4.02315,28.8588,-2.14914,-4.32539,19.6145,0.742131,2.66305,66.9667,0.201133,-2.92086,60.7123
-0.705116,4.03954,28.8654,-2.14265,-4.30512,19.5735,0.79508,2.66816,66.8513,0.21065,-2.8569,60.5806
-0.692569,4.05309,28.8637,-2.13767,-4.28719,19.5356,0.845926,2.67199,66.7566,0.220063,-2.80529,60.4863
-0.682717,4.0651,28.8569,-2.13432,-4.2709,19.4977,0.896821,2.67669,66.6662,0.228917,-2.75985,60.4036
-0.673524,4.07571,28.8512,-2.13071,-4.25629,19.4628,0.945861,2.68069,66.5908,0.235843,-2.71887,60.341
-0.666249,4.08573,28.8442,-2.12819,-4.24257,19.4279,0.99479,2.68449,66.5153,0.241947,-2.68034,60.2813
-0.658612,4.0955,28.8406,-2.12508,-4.22948,19.3949,1.04313,2.68982,66.456,0.247307,-2.64535,60.2381
-0.651948,4.10556,28.8382,-2.12207,-4.2162,19.3626,1.08881,2.69367,66.3954,0.250736,-2.61256,60.1963
-0.646703,4.11594,28.8363,-2.11977,-4.20284,19.3296,1.13352,2.69761,66.3382,0.253247,-2.58215,60.1599
-0.641895,4.12741,28.8371,-2.11706,-4.18847,19.297,1.17503,2.69999,66.2833,0.254343,-2.5544,60.128
-0.63833,4.14009,28.8398,-2.11467,-4.17306,19.2638,1.21405,2.70139,66.2303,0.254409,-2.52931,60.1004
-0.635934,4.1545,28.8449,-2.1123,-4.15603,19.2298,1.24977,2.70095,66.1779,0.253653,-2.50719,60.0764
-0.634848,4.17112,28.8528,-2.10999,-4.13698,19.1948,1.28201,2.69847,66.1263,0.252431,-2.48819,60.0564
-0.63523,4.1909,28.8636,-2.10756,-4.1149,19.1568,1.30922,2.69206,66.0711,0.251178,-2.47322,60.0383
-0.637087,4.21494,28.8782,-2.10586,-4.08869,19.1109,1.33157,2.68236,66.017,0.250285,-2.46179,60.0252
-0.641379,4.24246,28.8915,-2.10345,-4.05854,19.0652,1.34797,2.6671,65.9587,0.2506,-2.45569,60.0141
-0.643809,4.26968,28.9419,-2.08795,-4.02713,19.09,1.36127,2.6455,65.9007,0.256261,-2.45837,60.0053
-0.631386,4.30721,29.1883,-2.05066,-3.98192,19.2236,1.37193,2.64183,65.8921,0.273574,-2.47782,60.0235
-0.701829,4.3318,28.7539,-2.12859,-3.81558,18.7908,1.34287,2.53209,65.7,0.24716,-2.53883,60.0195
-0.117924,0.0534947,27.6633,-3.29882,-18.5681,24.4529,9.81273,15.054,61.5402,-6.33424,10.4373,50.8074
-0.346204,0.94336,30.6085,-1.8554,-7.4049,10.0905,7.81318,10.8744,59.7167,-4.78302,7.27097,51.72
-0.141179,0.503178,30.3899,-2.27629,-7.8713,10.6725,7.25698,10.6808,61.2066,-4.73969,6.95296,51.5568
-0.0103902,0.140619,30.1952,-2.85029,-9.07216,12.2727,6.85894,10.2367,61.7593,-4.58367,6.44006,51.8623
0.107439,-0.16248,30.0988,-3.45823,-10.2622,13.9146,6.45772,9.81426,62.4512,-4.49332,5.88053,52.3649
0.199792,-0.39532,29.9981,-3.99971,-11.281,15.3599,6.09578,9.35254,63.2029,-4.3544,5.24407,52.9032
0.249048,-0.534991,29.9503,-4.40567,-12.2412,16.7227,5.72909,8.77622,63.8406,-4.10664,4.49904,53.4211
0.229452,-0.477988,30.3647,-4.69088,-12.5546,17.3452,5.2703,8.22332,64.2663,-3.82139,3.8429,54.0565
0.198407,-0.429989,29.8426,-4.84331,-13.6517,19.0881,4.88814,7.55252,64.9187,-3.33608,2.90846,54.5747
0.195053,-0.339632,29.5056,-4.81936,-14.267,22.3198,4.41097,6.94483,65.4055,-2.92743,2.10004,55.3055
0.151808,-0.210659,29.4598,-4.42561,-10.7084,29.9262,4.01481,6.26505,65.7684,-2.4916,1.28571,55.6313
0.0480586,0.561767,29.9658,-3.46952,-7.51289,24.5942,3.38111,5.6413,66.0441,-2.21734,0.671986,56.2666
-0.0646726,1.29196,30.0137,-2.90929,-6.53891,21.1577,2.77846,5.04614,66.3055,-1.80735,0.0123683,56.953
-0.165642,2.01301,29.9015,-2.65273,-6.01514,20.6671,2.13782,4.45915,66.5367,-1.33614,-0.699589,57.5503
-0.245032,2.56692,29.8302,-2.49642,-5.65109,20.7567,1.65132,4.02842,66.7413,-0.960351,-1.26829,58.1371
-0.317926,2.94808,29.7822,-2.35736,-5.37245,20.8212,1.29846,3.6992,66.9503,-0.680551,-1.73337,58.6834
-0.3865,3.20072,29.729,-2.24627,-5.16906,20.8009,1.06066,3.45373,67.1213,-0.470314,-2.10374,59.1427
-0.451506,3.37244,29.6487,-2.17992,-5.01844,20.7343,0.873618,3.25396,67.3156,-0.322782,-2.40927,59.632
-0.511753,3.49946,29.556,-2.13796,-4.89919,20.6347,0.735103,3.10141,67.4694,-0.213014,-2.65039,60.0576
-0.564456,3.60118,29.4687,-2.10292,-4.79934,20.5152,0.647102,2.9951,67.5525,-0.122548,-2.82938,60.3666
-0.600391,3.67834,29.39,-2.08815,-4.72068,20.4109,0.587532,2.91468,67.6159,-0.0549569,-2.95936,60.6336
-0.653052,3.74827,29.284,-2.11058,-4.64811,20.2966,0.542695,2.84485,67.6551,0.00704955,-3.06984,60.8574
-0.688155,3.80062,29.1917,-2.12295,-4.59098,20.1966,0.506308,2.78839,67.6764,0.0427894,-3.1445,61.0445
-0.70776,3.84516,29.1234,-2.12947,-4.54149,20.1077,0.503631,2.75106,67.651,0.0807681,-3.18089,61.1396
-0.730044,3.88261,29.0508,-2.14029,-4.49829,20.0207,0.500623,2.71673,67.6099,0.104119,-3.20131,61.2076
-0.756602,3.91419,28.971,-2.15661,-4.45997,19.9315,0.492009,2.68488,67.5448,0.109075,-3.20822,61.2425
-0.759099,3.94151,28.9251,-2.15894,-4.42619,19.8541,0.524417,2.66762,67.4519,0.131274,-3.18,61.2027
-0.75759,3.96553,28.8876,-2.16019,-4.39569,19.7805,0.567216,2.65495,67.3389,0.151851,-3.1345,61.1228
-0.752286,3.98591,28.8573,-2.15986,-4.36948,19.7147,0.612916,2.64837,67.22,0.165349,-3.07602,61.0185
-0.739504,4.00464,28.8509,-2.15695,-4.3468,19.6605,0.671376,2.65654,67.0825,0.177256,-3.00052,60.8611
-0.721291,4.0232,28.8582,-2.15002,-4.32622,19.6141,0.742289,2.66401,66.968,0.201961,-2.92165,60.7137
-0.70506,4.03963,28.8649,-2.14352,-4.30594,19.5731,0.795254,2.66906,66.8525,0.211524,-2.8576,60.5818
-0.692499,4.05322,28.8631,-2.13852,-4.288,19.5352,0.846115,2.67284,66.7577,0.220985,-2.80591,60.4874
-0.682633,4.06527,28.8564,-2.13516,-4.2717,19.4972,0.897023,2.67748,66.6671,0.229887,-2.76039,60.4046
-0.673426,4.0759,28.8507,-2.13153,-4.25707,19.4623,0.946078,2.68144,66.5917,0.23686,-2.71934,60.3418
-0.666137,4.08595,28.8437,-2.129,-4.24333,19.4275,0.99502,2.68519,66.516,0.24301,-2.68073,60.282
-0.658488,4.09575,28.8402,-2.12589,-4.23023,19.3944,1.04337,2.69049,66.4567,0.248415,-2.64567,60.2386
-0.651811,4.10584,28.8377,-2.12287,-4.21694,19.3621,1.08907,2.6943,66.3959,0.251887,-2.61281,60.1967
-0.646555,4.11624,28.8358,-2.12055,-4.20357,19.3291,1.13379,2.69821,66.3387,0.254439,-2.58232,60.1601
-0.641737,4.12773,28.8367,-2.11784,-4.1892,19.2965,1.17532,2.70055,66.2837,0.255572,-2.5545,60.1282
-0.638164,4.14043,28.8394,-2.11545,-4.17379,19.2633,1.21435,2.70192,66.2306,0.255673,-2.52933,60.1004
-0.635761,4.15486,28.8445,-2.11308,-4.15677,19.2294,1.25009,2.70145,66.178,0.254946,-2.50713,60.0762
-0.634673,4.17149,28.8525,-2.11077,-4.13774,19.1944,1.28234,2.69894,66.1264,0.253747,-2.48804,60.0561
-0.635055,4.19128,28.8634,-2.10835,-4.1157,19.1565,1.30956,2.6925,66.0711,0.252508,-2.47297,60.0377
-0.636916,4.21533,28.8782,-2.10667,-4.08953,19.1107,1.33191,2.68278,66.0169,0.25162,-2.46143,60.0244
-0.641221,4.24284,28.8916,-2.10428,-4.05944,19.0652,1.34832,2.66749,65.9585,0.251925,-2.45523,60.0131
-0.643663,4.27003,28.9422,-2.08879,-4.02817,19.0905,1.36161,2.64583,65.9003,0.257563,-2.45779,60.004
-0.631222,4.30754,29.1894,-2.05149,-3.98316,19.2247,1.37228,2.64206,65.8917,0.274847,-2.47712,60.0219
-0.701828,4.33197,28.7548,-2.12969,-3.81666,18.791,1.34311,2.53225,65.6994,0.248282,-2.53799,60.0175
-0.119698,0.0572086,27.6879,-3.30043,-18.5792,24.4671,9.81149,15.05,61.5232,-6.33783,10.4499,50.7926
-0.347972,0.945813,30.6339,-1.85744,-7.41553,10.1042,7.81215,10.8681,59.7023,-4.78529,7.28048,51.704
-0.142628,0.504994,30.4121,-2.27848,-7.88201,10.6863,7.25611,10.6745,61.1939,-4.74176,6.96106,51.542
-0.0117013,0.14235,30.2154,-2.85212,-9.08161,12.2847,6.85832,10.231,61.7477,-4.5857,6.44767,51.8483
0.106252,-0.160666,30.1173,-3.45964,-10.2702,13.9247,6.45736,9.80925,62.4403,-4.49545,5.88791,52.3519
0.198765,-0.393698,30.0151,-4.00077,-11.2878,15.3685,6.09573,9.34813,63.1928,-4.35664,5.25109,52.8909
0.24823,-0.534076,29.9655,-4.40634,-12.2471,16.73,5.72945,8.77219,63.8316,-4.10896,4.50539,53.4093
0.228809,-0.477463,30.3783,-4.69124,-12.5594,17.3511,5.271,8.21986,64.2582,-3.82378,3.84886,54.0453
0.198012,-0.430329,29.8543,-4.84322,-13.6555,19.0927,4.88928,7.54939,64.9118,-3.33848,2.91371,54.5639
0.194877,-0.340318,29.5152,-4.8189,-14.2701,22.3233,4.41252,6.94254,65.3994,-2.92982,2.10513,55.2956
0.151784,-0.211107,29.467,-4.42506,-10.7114,29.9307,4.01662,6.26388,65.7624,-2.49383,1.29114,55.6228
0.0480954,0.560831,29.9723,-3.46935,-7.51595,24.6001,3.38286,5.63952,66.0391,-2.21937,0.67638,56.2583
-0.0646075,1.29079,30.0195,-2.90908,-6.54165,21.1622,2.78015,5.04405,66.3013,-1.8092,0.0159587,56.9452
-0.165554,2.01217,29.9063,-2.65239,-6.0172,20.6707,2.13947,4.45742,66.5327,-1.33778,-0.696223,57.5436
-0.244921,2.56655,29.8341,-2.49596,-5.65247,20.7598,1.65292,4.02716,66.7373,-0.961806,-1.26496,58.1315
-0.317789,2.94801,29.7853,-2.35683,-5.37329,20.8239,1.29999,3.69826,66.9465,-0.681854,-1.73017,58.6786
-0.386344,3.20075,29.7315,-2.24567,-5.16954,20.8031,1.06212,3.4529,67.1177,-0.4715,-2.10081,59.1386
-0.451342,3.37249,29.6508,-2.17929,-5.01869,20.7359,0.87499,3.25315,67.3124,-0.323881,-2.40664,59.6283
-0.51159,3.4995,29.5578,-2.13731,-4.89927,20.6358,0.736373,3.10057,67.4665,-0.214048,-2.64806,60.0542
-0.564303,3.6012,29.4703,-2.10225,-4.7993,20.516,0.648265,2.99423,67.5497,-0.123532,-2.82732,60.3636
-0.600252,3.67836,29.3914,-2.08747,-4.72054,20.4114,0.588586,2.9138,67.6134,-0.0559064,-2.95752,60.6308
-0.652932,3.7483,29.2853,-2.1099,-4.64788,20.297,0.543642,2.84396,67.6527,0.00612449,-3.06819,60.8549
-0.688055,3.80066,29.1929,-2.12228,-4.59069,20.1968,0.507154,2.78752,67.6742,0.0418787,-3.14301,61.0422
-0.707681,3.8452,29.1245,-2.12881,-4.54115,20.1078,0.504381,2.7502,67.649,0.0798648,-3.17954,61.1376
-0.729986,3.88265,29.0518,-2.13963,-4.49792,20.0207,0.501286,2.71589,67.6081,0.103218,-3.20009,61.2058
-0.756564,3.91423,28.9719,-2.15596,-4.45956,19.9315,0.492594,2.68409,67.543,0.108171,-3.20711,61.2408
-0.75908,3.94154,28.926,-2.15831,-4.42578,19.8541,0.524929,2.66686,67.4503,0.130363,-3.17899,61.2012
-0.757589,3.96555,28.8884,-2.15958,-4.39527,19.7806,0.567664,2.65422,67.3374,0.150931,-3.13358,61.1215
-0.752302,3.98592,28.8581,-2.15926,-4.36905,19.7148,0.613306,2.64769,67.2186,0.164417,-3.07517,61.0173
-0.739536,4.00463,28.8516,-2.15636,-4.34637,19.6606,0.671718,2.65591,67.0813,0.17631,-2.99974,60.86
-0.721336,4.02316,28.8589,-2.14945,-4.32581,19.6142,0.742585,2.66342,66.9668,0.200998,-2.92094,60.7127
-0.705118,4.03957,28.8655,-2.14297,-4.30555,19.5732,0.795513,2.66853,66.8515,0.210545,-2.85695,60.581
-0.692568,4.05312,28.8637,-2.13798,-4.28762,19.5353,0.846336,2.67235,66.7567,0.219989,-2.80532,60.4867
-0.682714,4.06514,28.857,-2.13463,-4.27133,19.4974,0.897209,2.67704,66.6662,0.228873,-2.75985,60.404
-0.673518,4.07576,28.8512,-2.13102,-4.25672,19.4625,0.946227,2.68103,66.5909,0.23583,-2.71885,60.3413
-0.666241,4.08578,28.8442,-2.1285,-4.243,19.4277,0.995134,2.68482,66.5153,0.241964,-2.6803,60.2816
-0.658602,4.09556,28.8406,-2.1254,-4.22991,19.3946,1.04345,2.69015,66.456,0.247353,-2.64529,60.2383
-0.651935,4.10564,28.8381,-2.12238,-4.21663,19.3624,1.08912,2.69399,66.3954,0.25081,-2.61249,60.1965
-0.646689,4.11601,28.8362,-2.12008,-4.20327,19.3294,1.1338,2.69793,66.3382,0.253347,-2.58206,60.16
-0.641879,4.12749,28.837,-2.11738,-4.1889,19.2968,1.1753,2.7003,66.2833,0.254468,-2.55429,60.1281
-0.638313,4.14017,28.8398,-2.11499,-4.1735,19.2636,1.2143,2.70169,66.2303,0.254557,-2.52918,60.1005
-0.635915,4.15459,28.8448,-2.11262,-4.15649,19.2296,1.25,2.70126,66.1778,0.25382,-2.50703,60.0764
-0.634828,4.17121,28.8527,-2.11031,-4.13744,19.1946,1.28223,2.69877,66.1263,0.252615,-2.48801,60.0564
-0.635209,4.19098,28.8635,-2.10789,-4.11539,19.1567,1.30943,2.69237,66.0711,0.251373,-2.473,60.0382
-0.637065,4.21502,28.8781,-2.10619,-4.08919,19.1108,1.33177,2.68267,66.0169,0.250487,-2.46154,60.025
-0.641357,4.24252,28.8914,-2.10379,-4.05907,19.0652,1.34817,2.66743,65.9587,0.250802,-2.4554,60.0139
-0.643787,4.26971,28.9418,-2.0883,-4.02772,19.0901,1.36146,2.64584,65.9006,0.256456,-2.45803,60.005
-0.631356,4.30722,29.1884,-2.05102,-3.98257,19.2238,1.37213,2.64219,65.8921,0.273753,-2.47742,60.0231
-0.701825,4.33171,28.7539,-2.12904,-3.8162,18.7908,1.34306,2.53247,65.6999,0.247282,-2.53836,60.019
-0.118061,0.0536562,27.668,-3.29905,-18.5711,24.4568,9.81286,15.0538,61.5372,-6.33524,10.4404,50.804
-0.34642,0.943316,30.6135,-1.85584,-7.40768,10.0941,7.81323,10.8734,59.7142,-4.78361,7.27312,51.7164
-0.141395,0.50316,30.3945,-2.27677,-7.87403,10.676,7.25698,10.6797,61.2044,-4.74018,6.9547,51.5535
-0.0106239,0.140766,30.1995,-2.85066,-9.0744,12.2755,6.85892,10.2356,61.7572,-4.58414,6.44165,51.8593
0.107194,-0.162132,30.103,-3.45845,-10.2638,13.9166,6.4577,9.81329,62.4491,-4.49382,5.88205,52.3622
0.199552,-0.394837,30.0022,-3.99978,-11.2819,15.361,6.09578,9.35166,63.2009,-4.35494,5.24549,52.9007
0.248829,-0.534484,29.9542,-4.40561,-12.2414,16.7229,5.72915,8.7754,63.8387,-4.10722,4.50032,53.4188
0.229256,-0.477402,30.3685,-4.69074,-12.5541,17.3444,5.27041,8.2226,64.2645,-3.82202,3.84409,54.0544
0.198254,-0.429457,29.8461,-4.8432,-13.6505,19.0861,4.88835,7.55186,64.9171,-3.33674,2.9095,54.5728
0.194944,-0.339077,29.5086,-4.81938,-14.2673,22.3144,4.41129,6.94437,65.404,-2.92811,2.10109,55.3039
0.151755,-0.210341,29.4619,-4.42569,-10.7116,29.922,4.01527,6.26476,65.7669,-2.4922,1.28672,55.6299
0.0480426,0.561554,29.9674,-3.47008,-7.5146,24.6011,3.38165,5.64074,66.0429,-2.21784,0.672503,56.2651
-0.0647018,1.29191,30.0154,-2.90928,-6.53936,21.1595,2.77898,5.04551,66.3044,-1.80789,0.012804,56.9517
-0.165674,2.0131,29.9031,-2.65258,-6.01527,20.6673,2.13836,4.45861,66.5356,-1.33668,-0.69915,57.5493
-0.245058,2.56708,29.8316,-2.49626,-5.65115,20.7568,1.65189,4.02799,66.7402,-0.960875,-1.26783,58.1363
-0.317944,2.94825,29.7834,-2.35721,-5.37246,20.8214,1.29905,3.69885,66.9493,-0.681067,-1.73293,58.6828
-0.386511,3.20088,29.73,-2.24611,-5.16903,20.801,1.06126,3.45342,67.1203,-0.470825,-2.10333,59.1422
-0.451512,3.37257,29.6496,-2.17977,-5.0184,20.7343,0.874223,3.25368,67.3147,-0.323294,-2.40889,59.6315
-0.511755,3.49956,29.5568,-2.13781,-4.89914,20.6346,0.735705,3.10115,67.4686,-0.213527,-2.65004,60.0571
-0.564456,3.60125,29.4694,-2.10277,-4.79929,20.5151,0.647696,2.99487,67.5517,-0.123061,-2.82906,60.3662
-0.600389,3.6784,29.3907,-2.08801,-4.72064,20.4107,0.588113,2.91448,67.6152,-0.0554709,-2.95905,60.6332
-0.653051,3.74831,29.2846,-2.11045,-4.64806,20.2964,0.543259,2.84467,67.6544,0.00653635,-3.06954,60.857
-0.688156,3.80064,29.1923,-2.12282,-4.59094,20.1964,0.506853,2.78824,67.6758,0.0422778,-3.14421,61.0442
-0.707762,3.84517,29.1239,-2.12935,-4.54146,20.1075,0.504154,2.75093,67.6504,0.0802596,-3.18061,61.1394
-0.730048,3.88261,29.0513,-2.14017,-4.49827,20.0204,0.501124,2.71661,67.6094,0.103615,-3.20105,61.2074
-0.756608,3.91418,28.9714,-2.1565,-4.45995,19.9313,0.492486,2.68479,67.5443,0.108576,-3.20797,61.2423
-0.759108,3.94149,28.9255,-2.15883,-4.42618,19.8539,0.524869,2.66754,67.4515,0.130782,-3.17976,61.2025
-0.757602,3.9655,28.888,-2.1601,-4.39569,19.7804,0.567644,2.65489,67.3385,0.151367,-3.13427,61.1227
-0.7523,3.98588,28.8577,-2.15977,-4.36949,19.7145,0.613319,2.64832,67.2196,0.164874,-3.0758,61.0183
-0.73952,4.0046,28.8512,-2.15686,-4.34681,19.6604,0.671756,2.65651,67.0822,0.17679,-3.0003,60.8609
-0.721309,4.02315,28.8585,-2.14994,-4.32624,19.614,0.742644,2.66399,66.9677,0.201504,-2.92144,60.7136
-0.705081,4.03958,28.8651,-2.14344,-4.30597,19.573,0.795587,2.66905,66.8522,0.211077,-2.8574,60.5817
-0.692522,4.05316,28.8634,-2.13845,-4.28803,19.5351,0.846425,2.67284,66.7574,0.220547,-2.80572,60.4873
-0.682658,4.0652,28.8567,-2.13509,-4.27174,19.4971,0.897311,2.6775,66.6669,0.229459,-2.7602,60.4045
-0.673454,4.07584,28.8509,-2.13147,-4.25711,19.4623,0.946343,2.68146,66.5914,0.236441,-2.71916,60.3418
-0.666167,4.08588,28.8439,-2.12894,-4.24339,19.4274,0.995263,2.68522,66.5158,0.242601,-2.68057,60.282
-0.65852,4.09568,28.8404,-2.12583,-4.23029,19.3943,1.04359,2.69052,66.4565,0.248015,-2.64551,60.2386
-0.651845,4.10577,28.8379,-2.12281,-4.217,19.3621,1.08927,2.69434,66.3958,0.251496,-2.61267,60.1967
-0.646592,4.11616,28.836,-2.1205,-4.20364,19.3291,1.13397,2.69825,66.3385,0.254056,-2.58219,60.1602
-0.641775,4.12765,28.8368,-2.11779,-4.18927,19.2965,1.17548,2.7006,66.2836,0.255198,-2.55437,60.1282
-0.638204,4.14035,28.8395,-2.11541,-4.17386,19.2633,1.21449,2.70198,66.2305,0.255306,-2.52922,60.1005
-0.635802,4.15477,28.8446,-2.11303,-4.15686,19.2294,1.25021,2.70152,66.178,0.254585,-2.50702,60.0763
-0.634714,4.1714,28.8525,-2.11073,-4.13782,19.1944,1.28245,2.69901,66.1263,0.253393,-2.48794,60.0561
-0.635095,4.19118,28.8634,-2.10831,-4.11578,19.1566,1.30966,2.69259,66.071,0.25216,-2.47289,60.0379
-0.636955,4.21522,28.8781,-2.10662,-4.08962,19.1107,1.332,2.68287,66.0169,0.251276,-2.46136,60.0246
-0.641256,4.24272,28.8915,-2.10423,-4.05954,19.0652,1.3484,2.6676,65.9585,0.251585,-2.45516,60.0133
-0.643694,4.26991,28.9421,-2.08875,-4.02826,19.0904,1.36169,2.64596,65.9004,0.257226,-2.45772,60.0042
-0.631252,4.3074,29.1891,-2.05145,-3.98323,19.2245,1.37236,2.64224,65.8917,0.274508,-2.47705,60.0221
-0.701826,4.33181,28.7545,-2.12962,-3.8168,18.7911,1.34323,2.53247,65.6995,0.247951,-2.53792,60.0178
-0.119247,0.0561692,27.6836,-3.30016,-18.5779,24.4655,9.81199,15.0512,61.5263,-6.3375,10.4483,50.7948
-0.347585,0.945007,30.6296,-1.85713,-7.41417,10.1024,7.8125,10.8694,59.7049,-4.78505,7.2791,51.7064
-0.142344,0.504406,30.4084,-2.27814,-7.88058,10.6844,7.25638,10.6756,61.1962,-4.7415,6.95981,51.5442
-0.0114734,0.14191,30.2122,-2.85181,-9.08027,12.283,6.8585,10.2319,61.7497,-4.58543,6.44644,51.8505
0.106435,-0.160991,30.1145,-3.45937,-10.2689,13.923,6.45746,9.81008,62.4421,-4.49515,5.88669,52.354
0.198902,-0.39387,30.0127,-4.00051,-11.2864,15.3668,6.09575,9.34883,63.1945,-4.35633,5.2499,52.8929
0.248317,-0.534017,29.9635,-4.40611,-12.2456,16.7281,5.72938,8.7728,63.833,-4.10865,4.50429,53.4113
0.228859,-0.477232,30.3767,-4.69105,-12.5578,17.349,5.27087,8.22037,64.2594,-3.82349,3.84781,54.0473
0.198016,-0.429872,29.853,-4.84316,-13.6538,19.0904,4.88908,7.54983,64.9128,-3.3382,2.91276,54.5659
0.194846,-0.339742,29.5143,-4.819,-14.2693,22.3195,4.41228,6.94285,65.4001,-2.92956,2.10422,55.2975
0.151742,-0.210717,29.4662,-4.4252,-10.7121,29.9272,4.0164,6.26397,65.7631,-2.49358,1.29011,55.6245
0.0480543,0.561075,29.9715,-3.46963,-7.51586,24.6018,3.3827,5.63962,66.0397,-2.21913,0.67537,56.2599
-0.0646632,1.29117,30.019,-2.90909,-6.54101,21.1617,2.78001,5.04419,66.3017,-1.80904,0.0151226,56.9468
-0.165616,2.01252,29.906,-2.65237,-6.01659,20.6697,2.13936,4.45753,66.533,-1.33769,-0.696989,57.545
-0.244985,2.5668,29.8339,-2.49597,-5.65202,20.7589,1.65286,4.0272,66.7377,-0.961767,-1.2657,58.1327
-0.317855,2.94817,29.7852,-2.35686,-5.37297,20.8231,1.29997,3.69827,66.9468,-0.681861,-1.73087,58.6797
-0.38641,3.20087,29.7315,-2.24573,-5.16931,20.8024,1.06213,3.4529,67.1181,-0.471544,-2.10145,59.1395
-0.451405,3.37257,29.6509,-2.17936,-5.01853,20.7353,0.875038,3.25318,67.3127,-0.323956,-2.40721,59.6291
-0.511649,3.49956,29.5578,-2.13739,-4.89917,20.6353,0.736455,3.10063,67.4667,-0.214147,-2.64855,60.055
-0.564356,3.60124,29.4703,-2.10233,-4.79924,20.5156,0.648376,2.99432,67.55,-0.123648,-2.82774,60.3643
-0.600299,3.67839,29.3915,-2.08756,-4.72052,20.411,0.588724,2.91392,67.6136,-0.0560358,-2.95788,60.6315
-0.652973,3.74831,29.2854,-2.11,-4.64789,20.2967,0.543803,2.8441,67.653,0.00598679,-3.06849,60.8555
-0.68809,3.80065,29.193,-2.12238,-4.59073,20.1966,0.507333,2.78767,67.6744,0.0417368,-3.14327,61.0427
-0.707711,3.84518,29.1245,-2.12891,-4.5412,20.1076,0.504575,2.75037,67.6492,0.0797225,-3.17976,61.1381
-0.730009,3.88262,29.0518,-2.13974,-4.49799,20.0205,0.501491,2.71607,67.6083,0.103078,-3.20028,61.2062
-0.756582,3.91419,28.972,-2.15607,-4.45965,19.9313,0.492807,2.68427,67.5432,0.108036,-3.20727,61.2412
-0.759094,3.9415,28.926,-2.15842,-4.42588,19.854,0.525146,2.66704,67.4505,0.130236,-3.17912,61.2016
-0.757599,3.96551,28.8884,-2.15969,-4.39537,19.7804,0.567883,2.65441,67.3375,0.150813,-3.13369,61.1218
-0.752308,3.98588,28.8581,-2.15937,-4.36917,19.7146,0.613524,2.64787,67.2188,0.16431,-3.07527,61.0175
-0.739538,4.00459,28.8516,-2.15647,-4.34649,19.6605,0.671933,2.65609,67.0814,0.176214,-2.99982,60.8602
-0.721336,4.02312,28.8589,-2.14956,-4.32593,19.614,0.742797,2.6636,66.9669,0.200915,-2.921,60.7129
-0.705115,4.03953,28.8655,-2.14307,-4.30567,19.5731,0.795718,2.6687,66.8516,0.210475,-2.857,60.5812
-0.692563,4.05309,28.8637,-2.13808,-4.28774,19.5352,0.846536,2.67252,66.7568,0.219933,-2.80536,60.4869
-0.682706,4.06511,28.857,-2.13473,-4.27146,19.4973,0.897402,2.6772,66.6663,0.228831,-2.75988,60.4041
-0.673509,4.07573,28.8512,-2.13112,-4.25684,19.4624,0.946415,2.68119,66.591,0.2358,-2.71887,60.3414
-0.666229,4.08577,28.8442,-2.1286,-4.24312,19.4276,0.995315,2.68497,66.5154,0.241948,-2.68031,60.2817
-0.658589,4.09555,28.8406,-2.1255,-4.23004,19.3945,1.04363,2.69029,66.4561,0.247349,-2.64529,60.2384
-0.65192,4.10563,28.8381,-2.12248,-4.21676,19.3623,1.08929,2.69413,66.3954,0.250818,-2.61248,60.1966
-0.646672,4.11601,28.8362,-2.12018,-4.2034,19.3293,1.13397,2.69806,66.3382,0.253367,-2.58204,60.1601
-0.641861,4.12749,28.837,-2.11747,-4.18903,19.2967,1.17546,2.70043,66.2834,0.254499,-2.55426,60.1282
-0.638293,4.14017,28.8397,-2.11509,-4.17363,19.2635,1.21445,2.70182,66.2303,0.254598,-2.52914,60.1005
-0.635894,4.15459,28.8448,-2.11271,-4.15662,19.2296,1.25016,2.70138,66.1779,0.253869,-2.50698,60.0764
-0.634807,4.17121,28.8527,-2.11041,-4.13758,19.1946,1.28238,2.69889,66.1263,0.252672,-2.48794,60.0563
-0.635187,4.19098,28.8635,-2.10799,-4.11553,19.1567,1.30958,2.69249,66.071,0.251436,-2.47292,60.0381
-0.637043,4.21502,28.8781,-2.1063,-4.08935,19.1108,1.33191,2.68279,66.0169,0.250553,-2.46144,60.0249
-0.641336,4.24251,28.8914,-2.1039,-4.05924,19.0652,1.34831,2.66755,65.9586,0.250868,-2.45528,60.0138
-0.643766,4.2697,28.9418,-2.08841,-4.02791,19.0902,1.36161,2.64596,65.9006,0.256519,-2.45789,60.0048
-0.63133,4.30719,29.1885,-2.05113,-3.9828,19.224,1.37227,2.6423,65.892,0.27381,-2.47725,60.0229
-0.701818,4.33164,28.754,-2.12918,-3.81645,18.7909,1.3432,2.53259,65.6999,0.247315,-2.53817,60.0188
-0.118234,0.0539619,27.671,-3.29932,-18.5727,24.4588,9.81281,15.0535,61.5351,-6.33584,10.4423,50.802
-0.346617,0.943463,30.6167,-1.85611,-7.40911,10.0959,7.81316,10.8727,59.7124,-4.78398,7.27443,51.7143
-0.141571,0.503263,30.3973,-2.27705,-7.87546,10.6779,7.25691,10.6789,61.2028,-4.7405,6.95578,51.5516
-0.0107931,0.140902,30.2021,-2.85089,-9.07567,12.2771,6.85887,10.2349,61.7558,-4.58444,6.44264,51.8574
0.107034,-0.161947,30.1054,-3.45862,-10.2648,13.9179,6.45767,9.81264,62.4478,-4.49412,5.88298,52.3605
0.199405,-0.394642,30.0044,-3.9999,-11.2828,15.3622,6.09578,9.35106,63.1996,-4.35525,5.24636,52.8991
0.248706,-0.534351,29.9563,-4.40568,-12.2422,16.7238,5.7292,8.77484,63.8376,-4.10755,4.50108,53.4173
0.229153,-0.477291,30.3703,-4.69076,-12.5547,17.3452,5.27052,8.2221,64.2634,-3.82236,3.8448,54.053
0.198181,-0.429434,29.8477,-4.84315,-13.6509,19.0867,4.88851,7.55139,64.9162,-3.33709,2.91011,54.5715
0.1949,-0.339082,29.51,-4.81928,-14.2675,22.3149,4.41151,6.94401,65.4031,-2.92847,2.10167,55.3027
0.151731,-0.210302,29.463,-4.42555,-10.7117,29.9225,4.01554,6.26453,65.766,-2.49255,1.28733,55.6289
0.0480227,0.561541,29.9684,-3.46998,-7.51478,24.6013,3.38192,5.64042,66.0421,-2.21817,0.67298,56.2641
-0.0647176,1.29185,30.0163,-2.9092,-6.53957,21.1599,2.77926,5.04515,66.3037,-1.80821,0.0131738,56.9508
-0.165686,2.01307,29.9039,-2.65249,-6.0154,20.6676,2.13865,4.45831,66.5349,-1.33698,-0.698802,57.5485
-0.245066,2.5671,29.8323,-2.49617,-5.6512,20.7571,1.65219,4.02775,66.7396,-0.961166,-1.26748,58.1357
-0.317947,2.9483,29.784,-2.35711,-5.37246,20.8215,1.29935,3.69866,66.9486,-0.681348,-1.73259,58.6823
-0.386511,3.20092,29.7305,-2.24601,-5.169,20.8011,1.06156,3.45325,67.1197,-0.4711,-2.10302,59.1417
-0.451509,3.3726,29.65,-2.17966,-5.01835,20.7344,0.874523,3.25353,67.3142,-0.323565,-2.40861,59.6311
-0.51175,3.49958,29.5572,-2.1377,-4.89908,20.6346,0.736001,3.10101,67.4681,-0.213796,-2.64978,60.0568
-0.56445,3.60126,29.4698,-2.10266,-4.79923,20.515,0.647984,2.99473,67.5513,-0.123328,-2.82882,60.3659
-0.600383,3.6784,29.391,-2.0879,-4.72057,20.4106,0.588391,2.91435,67.6148,-0.055737,-2.95884,60.6329
-0.653046,3.74831,29.2849,-2.11034,-4.64799,20.2963,0.543527,2.84455,67.654,0.00627127,-3.06934,60.8568
-0.688152,3.80063,29.1925,-2.12272,-4.59087,20.1963,0.50711,2.78812,67.6754,0.0420135,-3.14403,61.044
-0.70776,3.84516,29.1242,-2.12925,-4.54138,20.1074,0.504398,2.75082,67.6501,0.0799963,-3.18044,61.1392
-0.730047,3.88259,29.0515,-2.14007,-4.4982,20.0204,0.501356,2.71652,67.6091,0.103353,-3.20089,61.2072
-0.756609,3.91416,28.9716,-2.1564,-4.45988,19.9312,0.492707,2.68471,67.544,0.108316,-3.20781,61.2421
-0.75911,3.94147,28.9257,-2.15874,-4.42612,19.8538,0.525078,2.66747,67.4512,0.130524,-3.17961,61.2024
-0.757605,3.96547,28.8881,-2.16001,-4.39563,19.7803,0.567841,2.65482,67.3382,0.15111,-3.13413,61.1225
-0.752305,3.98585,28.8578,-2.15968,-4.36943,19.7145,0.613505,2.64826,67.2194,0.164619,-3.07566,61.0182
-0.739527,4.00457,28.8513,-2.15678,-4.34675,19.6603,0.671931,2.65646,67.082,0.176537,-3.00018,60.8608
-0.721317,4.02311,28.8587,-2.14986,-4.32619,19.6139,0.742809,2.66395,66.9675,0.201253,-2.92133,60.7135
-0.70509,4.03954,28.8653,-2.14336,-4.30592,19.5729,0.795742,2.66902,66.8521,0.210828,-2.85729,60.5817
-0.692532,4.05311,28.8635,-2.13837,-4.28799,19.535,0.84657,2.67282,66.7573,0.220301,-2.80562,60.4873
-0.682669,4.06515,28.8568,-2.13502,-4.2717,19.4971,0.897447,2.67747,66.6667,0.229215,-2.76011,60.4045
-0.673466,4.07578,28.851,-2.13139,-4.25707,19.4623,0.94647,2.68145,66.5913,0.2362,-2.71908,60.3417
-0.666181,4.08583,28.844,-2.12887,-4.24335,19.4274,0.995381,2.68521,66.5157,0.242362,-2.68048,60.2819
-0.658536,4.09562,28.8404,-2.12576,-4.23026,19.3943,1.0437,2.69052,66.4564,0.247778,-2.64544,60.2386
-0.651862,4.10571,28.838,-2.12274,-4.21697,19.3621,1.08937,2.69433,66.3957,0.251261,-2.6126,60.1967
-0.646609,4.1161,28.836,-2.12044,-4.20361,19.3291,1.13406,2.69825,66.3384,0.253823,-2.58213,60.1602
-0.641794,4.12759,28.8369,-2.11773,-4.18924,19.2965,1.17557,2.70061,66.2835,0.254967,-2.55432,60.1282
-0.638223,4.14028,28.8396,-2.11534,-4.17384,19.2633,1.21457,2.70198,66.2304,0.255077,-2.52917,60.1005
-0.635821,4.1547,28.8447,-2.11297,-4.15683,19.2294,1.25028,2.70153,66.1779,0.254358,-2.50698,60.0764
-0.634733,4.17133,28.8526,-2.11066,-4.1378,19.1944,1.28251,2.69903,66.1263,0.253168,-2.48791,60.0562
-0.635113,4.19111,28.8634,-2.10824,-4.11576,19.1566,1.30971,2.69261,66.071,0.251936,-2.47286,60.0379
-0.636972,4.21515,28.8781,-2.10656,-4.0896,19.1107,1.33206,2.6829,66.0169,0.251055,-2.46134,60.0246
-0.641271,4.24264,28.8915,-2.10417,-4.05951,19.0652,1.34845,2.66764,65.9585,0.251366,-2.45514,60.0134
-0.643706,4.26982,28.942,-2.08868,-4.02823,19.0904,1.36175,2.64602,65.9004,0.25701,-2.45772,60.0043
-0.631264,4.30731,29.189,-2.05139,-3.98319,19.2244,1.37242,2.64231,65.8918,0.274292,-2.47704,60.0223
-0.701818,4.33171,28.7544,-2.12954,-3.8168,18.7911,1.3433,2.53257,65.6996,0.247744,-2.53791,60.018
-0.119,0.0555957,27.6809,-3.30003,-18.577,24.4642,9.81223,15.0518,61.5282,-6.33725,10.4472,50.7962
-0.347365,0.944572,30.6268,-1.85693,-7.41318,10.1011,7.81269,10.8701,59.7065,-4.78488,7.2782,51.708
-0.142178,0.50408,30.4061,-2.27792,-7.87957,10.6831,7.25652,10.6763,61.1976,-4.74132,6.959,51.5457
-0.0113336,0.141642,30.2101,-2.85162,-9.07936,12.2818,6.8586,10.2326,61.751,-4.58525,6.44567,51.8519
0.106553,-0.16122,30.1127,-3.45921,-10.2681,13.922,6.45751,9.8106,62.4433,-4.49496,5.88592,52.3553
0.198996,-0.394038,30.011,-4.00038,-11.2857,15.3658,6.09576,9.34927,63.1955,-4.35613,5.24915,52.8942
0.248385,-0.534074,29.9621,-4.40601,-12.2449,16.7272,5.72935,8.77319,63.8339,-4.10844,4.5036,53.4126
0.228906,-0.477212,30.3754,-4.69097,-12.5571,17.3482,5.27081,8.22069,64.2602,-3.82328,3.84715,54.0485
0.198035,-0.429733,29.852,-4.84313,-13.6531,19.0896,4.88898,7.55011,64.9134,-3.338,2.91217,54.5671
0.194841,-0.339545,29.5135,-4.81903,-14.2688,22.3185,4.41214,6.94305,65.4007,-2.92937,2.10364,55.2986
0.151726,-0.210564,29.4657,-4.42523,-10.7118,29.9261,4.01624,6.26403,65.7637,-2.49341,1.28948,55.6254
0.0480312,0.561242,29.971,-3.46965,-7.5155,24.6014,3.38257,5.63972,66.0401,-2.21898,0.674816,56.2609
-0.0646908,1.29138,30.0186,-2.90908,-6.54062,21.1612,2.77989,5.04433,66.302,-1.80893,0.014658,56.9477
-0.165646,2.01269,29.9057,-2.65237,-6.01626,20.6692,2.13927,4.45763,66.5333,-1.33761,-0.697421,57.5458
-0.245017,2.56691,29.8337,-2.49599,-5.65176,20.7584,1.65278,4.02726,66.738,-0.961714,-1.26612,58.1334
-0.317888,2.94824,29.7851,-2.35689,-5.37279,20.8227,1.29991,3.6983,66.9471,-0.681833,-1.73128,58.6803
-0.386444,3.20091,29.7314,-2.24577,-5.16919,20.802,1.0621,3.45293,67.1183,-0.471537,-2.10182,59.14
-0.451439,3.3726,29.6508,-2.1794,-5.01844,20.735,0.875018,3.25321,67.3129,-0.323964,-2.40753,59.6296
-0.511681,3.49958,29.5578,-2.13743,-4.8991,20.6351,0.736452,3.10068,67.467,-0.214168,-2.64883,60.0554
-0.564385,3.60125,29.4703,-2.10239,-4.7992,20.5154,0.648391,2.99439,67.5502,-0.123679,-2.82798,60.3647
-0.600325,3.67839,29.3915,-2.08762,-4.72049,20.4109,0.588754,2.914,67.6138,-0.056073,-2.95809,60.6318
-0.652995,3.7483,29.2853,-2.11006,-4.64788,20.2965,0.543847,2.84419,67.6531,0.00594512,-3.06867,60.8558
-0.688109,3.80064,29.1929,-2.12244,-4.59073,20.1964,0.507389,2.78777,67.6746,0.0416928,-3.14343,61.043
-0.707726,3.84516,29.1245,-2.12897,-4.54122,20.1075,0.50464,2.75047,67.6493,0.0796779,-3.1799,61.1383
-0.730021,3.8826,29.0518,-2.1398,-4.49802,20.0204,0.501565,2.71617,67.6084,0.103035,-3.2004,61.2064
-0.756592,3.91417,28.9719,-2.15613,-4.45969,19.9313,0.492886,2.68437,67.5433,0.107995,-3.20737,61.2414
-0.759101,3.94148,28.926,-2.15848,-4.42592,19.8539,0.52523,2.66715,67.4506,0.130198,-3.17921,61.2017
-0.757603,3.96548,28.8884,-2.15975,-4.39542,19.7803,0.56797,2.65451,67.3376,0.150779,-3.13377,61.122
-0.75231,3.98585,28.8581,-2.15942,-4.36922,19.7145,0.613613,2.64797,67.2189,0.164281,-3.07533,61.0177
-0.739538,4.00456,28.8516,-2.15653,-4.34654,19.6604,0.672023,2.65619,67.0815,0.176191,-2.99988,60.8604
-0.721334,4.02309,28.8589,-2.14962,-4.32599,19.614,0.742886,2.66369,66.967,0.200898,-2.92105,60.7131
-0.705111,4.03951,28.8655,-2.14313,-4.30572,19.573,0.795807,2.66879,66.8516,0.210464,-2.85704,60.5813
-0.692558,4.05307,28.8637,-2.13814,-4.28779,19.5351,0.846624,2.6726,66.7569,0.219928,-2.80539,60.487
-0.682699,4.0651,28.857,-2.13479,-4.27151,19.4972,0.897489,2.67728,66.6664,0.228832,-2.75991,60.4042
-0.673501,4.07572,28.8512,-2.13117,-4.25689,19.4623,0.9465,2.68127,66.591,0.235808,-2.7189,60.3415
-0.66622,4.08575,28.8441,-2.12865,-4.24317,19.4275,0.9954,2.68505,66.5155,0.241961,-2.68033,60.2817
-0.658578,4.09554,28.8406,-2.12555,-4.23009,19.3945,1.04371,2.69036,66.4561,0.247369,-2.6453,60.2384
-0.651908,4.10562,28.8381,-2.12253,-4.21681,19.3622,1.08937,2.69419,66.3955,0.250843,-2.61249,60.1966
-0.646659,4.116,28.8362,-2.12023,-4.20345,19.3292,1.13405,2.69812,66.3383,0.253398,-2.58204,60.1601
-0.641847,4.12749,28.837,-2.11752,-4.18908,19.2966,1.17554,2.70049,66.2834,0.254534,-2.55425,60.1282
-0.638278,4.14017,28.8397,-2.11514,-4.17368,19.2635,1.21453,2.70188,66.2303,0.254638,-2.52912,60.1005
-0.635878,4.15459,28.8448,-2.11276,-4.15667,19.2295,1.25024,2.70144,66.1779,0.253914,-2.50696,60.0764
-0.634791,4.17121,28.8527,-2.11046,-4.13763,19.1945,1.28246,2.69895,66.1263,0.25272,-2.48791,60.0563
-0.63517,4.19098,28.8635,-2.10804,-4.11559,19.1567,1.30966,2.69254,66.071,0.251486,-2.47289,60.0381
-0.637027,4.21502,28.8781,-2.10635,-4.08942,19.1108,1.33199,2.68285,66.0169,0.250605,-2.46139,60.0249
-0.641321,4.24251,28.8915,-2.10395,-4.05932,19.0652,1.34839,2.6676,65.9586,0.25092,-2.45523,60.0137
-0.643751,4.26969,28.9419,-2.08846,-4.028,19.0903,1.36168,2.646,65.9005,0.256569,-2.45783,60.0047
-0.631313,4.30718,29.1886,-2.05119,-3.9829,19.2241,1.37235,2.64234,65.892,0.273858,-2.47718,60.0228
-0.701813,4.33162,28.754,-2.12926,-3.81655,18.791,1.34327,2.53263,65.6998,0.24735,-2.53808,60.0186
-0.118367,0.0542173,27.6729,-3.29949,-18.5736,24.46,9.81274,15.0533,61.5337,-6.33619,10.4434,50.8008
-0.346757,0.943612,30.6187,-1.85629,-7.40996,10.097,7.8131,10.8722,59.7113,-4.78419,7.27524,51.7129
-0.14169,0.503369,30.399,-2.27723,-7.87631,10.679,7.25685,10.6784,61.2018,-4.74069,6.95646,51.5503
-0.0109034,0.141011,30.2037,-2.85104,-9.07644,12.2781,6.85883,10.2344,61.7548,-4.58462,6.44326,51.8562
0.106932,-0.161825,30.1069,-3.45874,-10.2655,13.9188,6.45765,9.81221,62.4469,-4.4943,5.88358,52.3594
0.199317,-0.394532,30.0058,-4,-11.2834,15.3629,6.09579,9.35068,63.1988,-4.35545,5.24692,52.8981
0.248633,-0.534295,29.9575,-4.40575,-12.2428,16.7245,5.72924,8.77448,63.8368,-4.10774,4.50157,53.4164
0.229094,-0.477265,30.3714,-4.6908,-12.5552,17.3458,5.27058,8.22179,64.2627,-3.82257,3.84525,54.0521
0.198142,-0.429476,29.8486,-4.84313,-13.6514,19.0873,4.88861,7.5511,64.9156,-3.33729,2.91049,54.5706
0.194879,-0.33915,29.5108,-4.8192,-14.2677,22.3158,4.41165,6.94378,65.4026,-2.92867,2.10203,55.3019
0.151721,-0.210317,29.4636,-4.42545,-10.7115,29.9233,4.0157,6.26439,65.7655,-2.49275,1.28773,55.6282
0.0480134,0.56153,29.969,-3.46986,-7.51481,24.601,3.38207,5.64024,66.0417,-2.21837,0.673318,56.2635
-0.0647228,1.29179,30.0169,-2.90915,-6.53972,21.16,2.77941,5.04494,66.3033,-1.80839,0.0134382,56.9502
-0.165688,2.01303,29.9043,-2.65245,-6.01552,20.6679,2.13881,4.45813,66.5345,-1.33715,-0.698557,57.548
-0.245066,2.56709,29.8326,-2.49611,-5.65126,20.7573,1.65235,4.02762,66.7392,-0.961325,-1.26724,58.1353
-0.317945,2.94831,29.7843,-2.35705,-5.37248,20.8217,1.29951,3.69855,66.9483,-0.681498,-1.73235,58.6819
-0.386506,3.20094,29.7307,-2.24594,-5.16899,20.8012,1.06172,3.45316,67.1194,-0.471244,-2.1028,59.1414
-0.451502,3.37261,29.6503,-2.17959,-5.01833,20.7344,0.874679,3.25344,67.3139,-0.323705,-2.40841,59.6308
-0.511743,3.49959,29.5573,-2.13764,-4.89906,20.6346,0.736151,3.10092,67.4679,-0.213933,-2.64961,60.0566
-0.564443,3.60126,29.4699,-2.1026,-4.7992,20.515,0.648128,2.99465,67.551,-0.123463,-2.82866,60.3657
-0.600377,3.6784,29.3911,-2.08783,-4.72053,20.4106,0.588528,2.91427,67.6145,-0.05587,-2.95869,60.6327
-0.65304,3.7483,29.285,-2.11028,-4.64795,20.2963,0.543657,2.84447,67.6538,0.0061393,-3.06921,60.8566
-0.688147,3.80063,29.1927,-2.12266,-4.59083,20.1963,0.507232,2.78805,67.6752,0.0418821,-3.1439,61.0438
-0.707756,3.84515,29.1243,-2.12919,-4.54134,20.1074,0.504513,2.75075,67.6499,0.0798655,-3.18033,61.139
-0.730044,3.88258,29.0516,-2.14001,-4.49815,20.0203,0.501464,2.71645,67.6089,0.103223,-3.20078,61.207
-0.756608,3.91415,28.9717,-2.15634,-4.45983,19.9312,0.492807,2.68464,67.5439,0.108186,-3.20772,61.242
-0.75911,3.94146,28.9258,-2.15868,-4.42607,19.8538,0.525172,2.66741,67.4511,0.130394,-3.17952,61.2023
-0.757606,3.96546,28.8882,-2.15995,-4.39558,19.7803,0.567929,2.65477,67.3381,0.15098,-3.13405,61.1224
-0.752307,3.98583,28.8579,-2.15962,-4.36938,19.7145,0.613587,2.64821,67.2193,0.16449,-3.07559,61.0181
-0.73953,4.00455,28.8514,-2.15672,-4.34671,19.6603,0.672008,2.65642,67.0819,0.176408,-3.00011,60.8607
-0.721322,4.02309,28.8587,-2.14981,-4.32615,19.6139,0.742881,2.66391,66.9674,0.201123,-2.92126,60.7134
-0.705095,4.03951,28.8653,-2.14331,-4.30588,19.5729,0.795809,2.66899,66.852,0.210699,-2.85723,60.5816
-0.692538,4.05308,28.8636,-2.13832,-4.28795,19.535,0.846634,2.67279,66.7572,0.220172,-2.80556,60.4872
-0.682676,4.06512,28.8568,-2.13496,-4.27166,19.4971,0.897506,2.67745,66.6667,0.229085,-2.76006,60.4044
-0.673474,4.07575,28.8511,-2.13135,-4.25704,19.4623,0.946524,2.68142,66.5913,0.23607,-2.71903,60.3417
-0.666189,4.08579,28.844,-2.12882,-4.24331,19.4274,0.995431,2.68519,66.5157,0.242233,-2.68044,60.2819
-0.658544,4.09559,28.8405,-2.12571,-4.23022,19.3944,1.04375,2.6905,66.4563,0.247649,-2.6454,60.2385
-0.651871,4.10567,28.838,-2.1227,-4.21694,19.3621,1.08942,2.69432,66.3956,0.251132,-2.61257,60.1967
-0.646619,4.11606,28.8361,-2.12039,-4.20358,19.3291,1.1341,2.69824,66.3384,0.253694,-2.5821,60.1602
-0.641804,4.12755,28.8369,-2.11768,-4.18921,19.2965,1.1756,2.7006,66.2835,0.254838,-2.55429,60.1282
-0.638234,4.14024,28.8396,-2.1153,-4.17381,19.2634,1.2146,2.70198,66.2304,0.254948,-2.52915,60.1005
-0.635832,4.15466,28.8447,-2.11292,-4.1568,19.2294,1.25031,2.70153,66.1779,0.25423,-2.50697,60.0764
-0.634744,4.17129,28.8526,-2.11062,-4.13777,19.1944,1.28254,2.69903,66.1263,0.25304,-2.4879,60.0562
-0.635124,4.19107,28.8635,-2.1082,-4.11573,19.1566,1.30974,2.69261,66.071,0.251809,-2.47285,60.038
-0.636982,4.2151,28.8781,-2.10651,-4.08957,19.1107,1.33208,2.68291,66.0169,0.250928,-2.46133,60.0247
-0.641279,4.2426,28.8915,-2.10412,-4.05948,19.0652,1.34847,2.66765,65.9585,0.251241,-2.45514,60.0135
-0.643713,4.26978,28.942,-2.08863,-4.02819,19.0904,1.36177,2.64603,65.9004,0.256886,-2.45772,60.0044
-0.631271,4.30726,29.1889,-2.05135,-3.98314,19.2244,1.37244,2.64234,65.8918,0.274169,-2.47705,60.0224
-0.701814,4.33167,28.7543,-2.12948,-3.81677,18.7911,1.34333,2.53261,65.6996,0.247628,-2.53792,60.0181
-0.118856,0.0552655,27.6792,-3.29993,-18.5763,24.4634,9.81237,15.0522,61.5293,-6.33707,10.4465,50.7971
-0.347233,0.944328,30.6251,-1.8568,-7.41253,10.1003,7.81279,10.8706,59.7075,-4.78476,7.27762,51.709
-0.142075,0.503897,30.4046,-2.27778,-7.87891,10.6823,7.2566,10.6767,61.1985,-4.74121,6.95849,51.5466
-0.0112458,0.141486,30.2088,-2.8515,-9.07877,12.2811,6.85865,10.2329,61.7518,-4.58513,6.44518,51.8527
0.106628,-0.161361,30.1115,-3.45911,-10.2676,13.9214,6.45755,9.81092,62.4441,-4.49483,5.88543,52.3561
0.199058,-0.394148,30.0099,-4.0003,-11.2853,15.3653,6.09577,9.34955,63.1962,-4.356,5.24868,52.895
0.248431,-0.534122,29.9612,-4.40596,-12.2445,16.7267,5.72933,8.77344,63.8345,-4.10831,4.50316,53.4133
0.228939,-0.47722,30.3746,-4.69093,-12.5567,17.3478,5.27076,8.2209,64.2607,-3.82314,3.84674,54.0492
0.198051,-0.429671,29.8513,-4.84313,-13.6528,19.0892,4.88891,7.55029,64.9139,-3.33787,2.9118,54.5678
0.194844,-0.339452,29.513,-4.81905,-14.2685,22.3181,4.41205,6.94318,65.4011,-2.92924,2.10329,55.2993
0.151719,-0.210491,29.4653,-4.42525,-10.7116,29.9256,4.01614,6.26408,65.764,-2.4933,1.2891,55.626
0.0480201,0.561335,29.9706,-3.46966,-7.51527,24.601,3.38248,5.6398,66.0404,-2.21888,0.674487,56.2614
-0.0647043,1.29149,30.0183,-2.90908,-6.54039,21.1609,2.77981,5.04443,66.3023,-1.80884,0.0143839,56.9482
-0.165661,2.01278,29.9054,-2.65237,-6.01607,20.6689,2.13919,4.45771,66.5335,-1.33754,-0.697677,57.5463
-0.245033,2.56697,29.8335,-2.496,-5.65163,20.7581,1.65272,4.02731,66.7382,-0.961665,-1.26637,58.1338
-0.317906,2.94827,29.785,-2.35691,-5.37269,20.8224,1.29986,3.69833,66.9473,-0.681798,-1.73152,58.6807
-0.386462,3.20092,29.7313,-2.24579,-5.16912,20.8018,1.06205,3.45296,67.1185,-0.471512,-2.10204,59.1404
-0.451457,3.3726,29.6507,-2.17943,-5.01839,20.7349,0.874983,3.25324,67.3131,-0.323949,-2.40773,59.6299
-0.511698,3.49958,29.5577,-2.13747,-4.89907,20.6349,0.736428,3.10072,67.4671,-0.214159,-2.649,60.0557
-0.564401,3.60125,29.4703,-2.10242,-4.79918,20.5153,0.648375,2.99443,67.5503,-0.123675,-2.82813,60.3649
-0.600339,3.67839,29.3914,-2.08766,-4.72048,20.4108,0.588747,2.91405,67.6139,-0.0560728,-2.95822,60.632
-0.653007,3.7483,29.2853,-2.1101,-4.64788,20.2964,0.543849,2.84424,67.6532,0.00594294,-3.06879,60.856
-0.688119,3.80063,29.1929,-2.12248,-4.59074,20.1964,0.507398,2.78782,67.6747,0.0416893,-3.14353,61.0432
-0.707734,3.84516,29.1245,-2.12901,-4.54124,20.1074,0.504656,2.75053,67.6494,0.0796741,-3.17999,61.1385
-0.730028,3.88259,29.0518,-2.13984,-4.49804,20.0204,0.501585,2.71623,67.6085,0.103031,-3.20048,61.2066
-0.756596,3.91415,28.9719,-2.15617,-4.45971,19.9312,0.492911,2.68443,67.5434,0.107992,-3.20744,61.2416
-0.759104,3.94146,28.9259,-2.15851,-4.42594,19.8538,0.525259,2.66721,67.4507,0.130197,-3.17927,61.2019
-0.757605,3.96546,28.8884,-2.15978,-4.39545,19.7803,0.568001,2.65457,67.3377,0.15078,-3.13382,61.1221
-0.75231,3.98583,28.8581,-2.15946,-4.36925,19.7145,0.613646,2.64803,67.219,0.164285,-3.07538,61.0178
-0.739537,4.00455,28.8516,-2.15657,-4.34657,19.6604,0.672057,2.65624,67.0816,0.176198,-2.99992,60.8605
-0.721332,4.02308,28.8589,-2.14965,-4.32602,19.614,0.742921,2.66375,66.9671,0.200907,-2.92109,60.7131
-0.705108,4.0395,28.8655,-2.14316,-4.30575,19.573,0.795842,2.66884,66.8517,0.210477,-2.85707,60.5814
-0.692554,4.05306,28.8637,-2.13817,-4.28782,19.5351,0.846659,2.67265,66.7569,0.219943,-2.80542,60.487
-0.682695,4.06509,28.857,-2.13482,-4.27154,19.4972,0.897525,2.67732,66.6664,0.228851,-2.75993,60.4042
-0.673495,4.07572,28.8512,-2.1312,-4.25692,19.4623,0.946536,2.68131,66.5911,0.23583,-2.71892,60.3415
-0.666213,4.08575,28.8441,-2.12868,-4.2432,19.4275,0.995436,2.68508,66.5155,0.241986,-2.68034,60.2818
-0.658571,4.09554,28.8406,-2.12558,-4.23012,19.3944,1.04375,2.6904,66.4562,0.247397,-2.64532,60.2384
-0.651901,4.10562,28.8381,-2.12256,-4.21684,19.3622,1.08941,2.69423,66.3955,0.250874,-2.61249,60.1966
-0.64665,4.116,28.8362,-2.12026,-4.20348,19.3292,1.13408,2.69816,66.3383,0.253431,-2.58204,60.1601
-0.641838,4.12749,28.837,-2.11755,-4.18911,19.2966,1.17558,2.70052,66.2834,0.25457,-2.55425,60.1282
-0.638269,4.14018,28.8397,-2.11517,-4.17371,19.2634,1.21457,2.70191,66.2304,0.254676,-2.52912,60.1005
-0.635868,4.15459,28.8448,-2.11279,-4.1567,19.2295,1.25027,2.70146,66.1779,0.253954,-2.50695,60.0764
-0.634781,4.17121,28.8527,-2.11049,-4.13766,19.1945,1.2825,2.69898,66.1263,0.252761,-2.4879,60.0563
-0.63516,4.19099,28.8635,-2.10807,-4.11562,19.1566,1.30969,2.69257,66.071,0.251529,-2.47287,60.0381
-0.637017,4.21502,28.8781,-2.10638,-4.08945,19.1108,1.33203,2.68287,66.0169,0.250648,-2.46137,60.0248
-0.641311,4.24252,28.8915,-2.10398,-4.05935,19.0652,1.34843,2.66762,65.9586,0.250964,-2.4552,60.0137
-0.643742,4.2697,28.9419,-2.0885,-4.02804,19.0903,1.36172,2.64602,65.9005,0.256612,-2.45779,60.0047
-0.631303,4.30718,29.1887,-2.05122,-3.98296,19.2241,1.37239,2.64236,65.892,0.273899,-2.47714,60.0227
-0.701811,4.33161,28.7541,-2.1293,-3.81661,18.791,1.34331,2.53264,65.6998,0.247384,-2.53803,60.0185
-0.118458,0.0544009,27.6742,-3.29959,-18.5742,24.4607,9.81269,15.0531,61.5328,-6.33639,10.4441,50.8
-0.34685,0.943728,30.62,-1.85639,-7.41049,10.0977,7.81305,10.8719,59.7105,-4.78432,7.27574,51.7121
-0.141767,0.503453,30.4002,-2.27734,-7.87684,10.6796,7.25681,10.678,61.2011,-4.7408,6.95688,51.5496
-0.0109735,0.14109,30.2047,-2.85113,-9.07692,12.2787,6.8588,10.2341,61.7542,-4.58473,6.44366,51.8555
0.106869,-0.161742,30.1078,-3.45881,-10.2659,13.9193,6.45763,9.81195,62.4463,-4.49442,5.88395,52.3587
0.199262,-0.39446,30.0066,-4.00006,-11.2838,15.3634,6.09579,9.35045,63.1983,-4.35556,5.24727,52.8975
0.248589,-0.534263,29.9582,-4.40579,-12.2431,16.725,5.72926,8.77426,63.8364,-4.10786,4.50189,53.4157
0.229059,-0.477256,30.3721,-4.69082,-12.5555,17.3462,5.27062,8.2216,64.2623,-3.82269,3.84554,54.0515
0.19812,-0.429512,29.8492,-4.84313,-13.6517,19.0877,4.88868,7.55093,64.9152,-3.33742,2.91075,54.57
0.194868,-0.339205,29.5112,-4.81916,-14.2678,22.3164,4.41174,6.94364,65.4022,-2.9288,2.10227,55.3014
0.151717,-0.210339,29.464,-4.42539,-10.7114,29.9238,4.01579,6.26431,65.7652,-2.49288,1.28799,55.6278
0.0480099,0.561513,29.9694,-3.4698,-7.51485,24.6008,3.38216,5.64013,66.0414,-2.21849,0.673544,56.2631
-0.0647235,1.29175,30.0172,-2.90913,-6.53982,21.1601,2.7795,5.04482,66.3031,-1.8085,0.0136164,56.9498
-0.165686,2.01299,29.9045,-2.65243,-6.01561,20.668,2.1389,4.45803,66.5343,-1.33725,-0.698391,57.5477
-0.245063,2.56708,29.8328,-2.49608,-5.65131,20.7574,1.65244,4.02754,66.739,-0.961414,-1.26707,58.135
-0.317941,2.94831,29.7844,-2.35701,-5.3725,20.8218,1.2996,3.6985,66.9481,-0.681581,-1.73219,58.6817
-0.3865,3.20094,29.7309,-2.24591,-5.169,20.8013,1.06181,3.4531,67.1192,-0.471321,-2.10265,59.1412
-0.451496,3.37261,29.6504,-2.17955,-5.01833,20.7345,0.874763,3.25339,67.3137,-0.323778,-2.40828,59.6306
-0.511737,3.49959,29.5574,-2.1376,-4.89904,20.6346,0.736231,3.10087,67.4677,-0.214004,-2.64949,60.0564
-0.564437,3.60126,29.47,-2.10256,-4.79918,20.5151,0.648203,2.9946,67.5508,-0.123532,-2.82856,60.3655
-0.600371,3.6784,29.3912,-2.08779,-4.72051,20.4106,0.588598,2.91422,67.6144,-0.055938,-2.9586,60.6326
-0.653035,3.7483,29.2851,-2.11023,-4.64793,20.2963,0.543722,2.84442,67.6537,0.00607229,-3.06913,60.8565
-0.688143,3.80063,29.1927,-2.12262,-4.5908,20.1963,0.507292,2.78801,67.6751,0.0418156,-3.14383,61.0437
-0.707753,3.84515,29.1243,-2.12915,-4.54131,20.1073,0.504568,2.75071,67.6498,0.0797993,-3.18026,61.1389
-0.730042,3.88258,29.0516,-2.13997,-4.49812,20.0203,0.501515,2.71641,67.6088,0.103156,-3.20072,61.207
-0.756606,3.91414,28.9718,-2.1563,-4.4598,19.9312,0.492855,2.6846,67.5438,0.10812,-3.20766,61.2419
-0.75911,3.94145,28.9258,-2.15865,-4.42604,19.8538,0.525215,2.66737,67.451,0.130327,-3.17947,61.2022
-0.757607,3.96545,28.8883,-2.15991,-4.39555,19.7803,0.567969,2.65473,67.338,0.150914,-3.134,61.1224
-0.752308,3.98583,28.858,-2.15959,-4.36935,19.7145,0.613624,2.64818,67.2192,0.164423,-3.07554,61.018
-0.739532,4.00454,28.8514,-2.15669,-4.34668,19.6603,0.672042,2.65639,67.0818,0.176341,-3.00006,60.8607
-0.721324,4.02308,28.8588,-2.14977,-4.32612,19.6139,0.742912,2.66388,66.9673,0.201056,-2.92122,60.7134
-0.705098,4.0395,28.8654,-2.14328,-4.30585,19.5729,0.795838,2.66896,66.8519,0.210631,-2.85719,60.5816
-0.692541,4.05307,28.8636,-2.13829,-4.28792,19.535,0.84666,2.67277,66.7571,0.220103,-2.80553,60.4872
-0.68268,4.06511,28.8569,-2.13493,-4.27163,19.4971,0.89753,2.67743,66.6666,0.229016,-2.76003,60.4044
-0.673478,4.07574,28.8511,-2.13131,-4.25701,19.4623,0.946547,2.68141,66.5912,0.236001,-2.719,60.3416
-0.666194,4.08578,28.8441,-2.12879,-4.24329,19.4274,0.995451,2.68518,66.5156,0.242162,-2.68042,60.2819
-0.65855,4.09557,28.8405,-2.12568,-4.2302,19.3944,1.04377,2.69049,66.4563,0.247578,-2.64538,60.2385
-0.651877,4.10566,28.838,-2.12267,-4.21692,19.3621,1.08943,2.69431,66.3956,0.251061,-2.61255,60.1967
-0.646625,4.11604,28.8361,-2.12036,-4.20356,19.3291,1.13411,2.69823,66.3384,0.253623,-2.58208,60.1602
-0.641811,4.12753,28.8369,-2.11765,-4.18919,19.2965,1.17561,2.70059,66.2835,0.254766,-2.55428,60.1282
-0.638241,4.14022,28.8397,-2.11527,-4.17379,19.2634,1.21461,2.70197,66.2304,0.254876,-2.52914,60.1005
-0.635839,4.15464,28.8447,-2.11289,-4.15678,19.2294,1.25031,2.70152,66.1779,0.254158,-2.50696,60.0764
-0.634751,4.17126,28.8526,-2.11059,-4.13775,19.1945,1.28254,2.69903,66.1263,0.252968,-2.48789,60.0562
-0.635131,4.19104,28.8635,-2.10817,-4.11571,19.1566,1.30974,2.69261,66.071,0.251737,-2.47285,60.038
-0.636989,4.21508,28.8781,-2.10649,-4.08954,19.1107,1.33208,2.68291,66.0169,0.250857,-2.46134,60.0247
-0.641285,4.24257,28.8915,-2.10409,-4.05946,19.0652,1.34848,2.66765,65.9586,0.25117,-2.45515,60.0135
-0.643718,4.26975,28.942,-2.08861,-4.02816,19.0903,1.36177,2.64604,65.9005,0.256816,-2.45773,60.0045
-0.631277,4.30723,29.1889,-2.05132,-3.98311,19.2243,1.37244,2.64235,65.8919,0.2741,-2.47706,60.0224
-0.701812,4.33164,28.7542,-2.12944,-3.81674,18.7911,1.34334,2.53263,65.6997,0.247563,-2.53794,60.0182
-0.118769,0.0550695,27.6782,-3.29987,-18.5759,24.4629,9.81245,15.0524,61.5301,-6.33695,10.446,50.7977
-0.347152,0.944186,30.6241,-1.85672,-7.41212,10.0998,7.81285,10.8708,59.7081,-4.78468,7.27725,51.7096
-0.142011,0.503791,30.4037,-2.27769,-7.87849,10.6817,7.25665,10.677,61.199,-4.74113,6.95817,51.5472
-0.0111903,0.141394,30.2079,-2.85142,-9.0784,12.2806,6.85868,10.2332,61.7523,-4.58505,6.44487,51.8533
0.106677,-0.161446,30.1107,-3.45905,-10.2672,13.921,6.45757,9.81113,62.4445,-4.49475,5.88513,52.3567
0.199099,-0.394217,30.0093,-4.00025,-11.285,15.3649,6.09578,9.34973,63.1966,-4.35591,5.24839,52.8955
0.248462,-0.534153,29.9606,-4.40592,-12.2442,16.7264,5.72932,8.7736,63.8349,-4.10822,4.5029,53.4138
0.228962,-0.477228,30.3741,-4.69091,-12.5565,17.3475,5.27074,8.22104,64.261,-3.82305,3.84649,54.0497
0.198063,-0.429637,29.8509,-4.84312,-13.6526,19.0889,4.88886,7.55041,64.9141,-3.33778,2.91158,54.5683
0.194846,-0.339398,29.5127,-4.81906,-14.2683,22.3178,4.41199,6.94326,65.4013,-2.92916,2.10307,55.2998
0.151716,-0.210451,29.465,-4.42527,-10.7115,29.9253,4.01607,6.26411,65.7642,-2.49322,1.28886,55.6264
0.0480149,0.561386,29.9704,-3.46967,-7.51515,24.6008,3.38242,5.63986,66.0406,-2.21881,0.674286,56.2618
-0.0647111,1.29155,30.0181,-2.90908,-6.54025,21.1607,2.77975,5.0445,66.3024,-1.80878,0.0142174,56.9486
-0.165669,2.01283,29.9053,-2.65238,-6.01596,20.6687,2.13914,4.45777,66.5337,-1.33749,-0.697832,57.5466
-0.245042,2.567,29.8334,-2.49601,-5.65155,20.758,1.65267,4.02735,66.7384,-0.961626,-1.26652,58.1341
-0.317915,2.94828,29.7849,-2.35693,-5.37264,20.8223,1.29982,3.69836,66.9475,-0.681767,-1.73166,58.6809
-0.386472,3.20093,29.7312,-2.24581,-5.16908,20.8017,1.06201,3.45298,67.1186,-0.471487,-2.10217,59.1405
-0.451467,3.37261,29.6507,-2.17945,-5.01837,20.7348,0.874952,3.25327,67.3132,-0.323929,-2.40784,59.63
-0.511708,3.49958,29.5577,-2.13749,-4.89906,20.6349,0.736402,3.10074,67.4672,-0.214143,-2.6491,60.0558
-0.56441,3.60125,29.4702,-2.10245,-4.79917,20.5152,0.648356,2.99446,67.5504,-0.123662,-2.82822,60.365
-0.600347,3.67839,29.3914,-2.08768,-4.72048,20.4107,0.588733,2.91408,67.614,-0.0560621,-2.9583,60.6321
-0.653014,3.7483,29.2853,-2.11012,-4.64789,20.2964,0.543839,2.84428,67.6533,0.00595229,-3.06886,60.8561
-0.688125,3.80063,29.1929,-2.1225,-4.59075,20.1963,0.507393,2.78786,67.6748,0.0416979,-3.14359,61.0433
-0.707739,3.84515,29.1245,-2.12904,-4.54125,20.1074,0.504655,2.75057,67.6495,0.0796827,-3.18004,61.1386
-0.730032,3.88259,29.0518,-2.13986,-4.49805,20.0204,0.501588,2.71627,67.6086,0.103039,-3.20052,61.2066
-0.756599,3.91415,28.9719,-2.15619,-4.45973,19.9312,0.492916,2.68447,67.5435,0.108001,-3.20748,61.2416
-0.759105,3.94146,28.9259,-2.15854,-4.42596,19.8538,0.525266,2.66724,67.4508,0.130207,-3.17931,61.2019
-0.757605,3.96546,28.8884,-2.15981,-4.39547,19.7803,0.56801,2.65461,67.3378,0.150791,-3.13385,61.1221
-0.75231,3.98583,28.8581,-2.15949,-4.36927,19.7145,0.613657,2.64806,67.219,0.164297,-3.07541,61.0178
-0.739536,4.00454,28.8515,-2.15659,-4.34659,19.6604,0.672069,2.65628,67.0816,0.176211,-2.99994,60.8605
-0.72133,4.02308,28.8589,-2.14967,-4.32604,19.6139,0.742934,2.66378,66.9671,0.200922,-2.92111,60.7132
-0.705106,4.03949,28.8655,-2.14318,-4.30577,19.573,0.795856,2.66887,66.8517,0.210493,-2.8571,60.5814
-0.692551,4.05306,28.8637,-2.13819,-4.28784,19.5351,0.846673,2.67268,66.757,0.219962,-2.80544,60.487
-0.682692,4.06509,28.8569,-2.13484,-4.27156,19.4972,0.897539,2.67735,66.6665,0.228871,-2.75995,60.4043
-0.673492,4.07572,28.8512,-2.13123,-4.25694,19.4623,0.946551,2.68133,66.5911,0.235852,-2.71893,60.3416
-0.666209,4.08575,28.8441,-2.1287,-4.24322,19.4275,0.995451,2.68511,66.5155,0.242009,-2.68035,60.2818
-0.658567,4.09554,28.8406,-2.1256,-4.23013,19.3944,1.04376,2.69042,66.4562,0.247422,-2.64533,60.2385
-0.651896,4.10562,28.8381,-2.12258,-4.21685,19.3622,1.08942,2.69425,66.3955,0.2509,-2.6125,60.1966
-0.646645,4.11601,28.8362,-2.12028,-4.20349,19.3292,1.1341,2.69818,66.3383,0.253459,-2.58205,60.1601
-0.641832,4.12749,28.837,-2.11757,-4.18912,19.2966,1.17559,2.70054,66.2834,0.254599,-2.55426,60.1282
-0.638263,4.14018,28.8397,-2.11519,-4.17372,19.2634,1.21459,2.70193,66.2304,0.254707,-2.52912,60.1005
-0.635862,4.1546,28.8447,-2.11281,-4.15672,19.2295,1.25029,2.70148,66.1779,0.253985,-2.50695,60.0764
-0.634774,4.17122,28.8526,-2.11051,-4.13768,19.1945,1.28252,2.69899,66.1263,0.252794,-2.4879,60.0563
-0.635154,4.191,28.8635,-2.10809,-4.11564,19.1566,1.30971,2.69258,66.071,0.251562,-2.47286,60.0381
-0.637011,4.21503,28.8781,-2.1064,-4.08947,19.1108,1.33205,2.68288,66.0169,0.250682,-2.46136,60.0248
-0.641305,4.24252,28.8915,-2.104,-4.05938,19.0652,1.34845,2.66763,65.9586,0.250997,-2.45519,60.0136
-0.643737,4.2697,28.9419,-2.08852,-4.02807,19.0903,1.36174,2.64603,65.9005,0.256645,-2.45778,60.0046
-0.631297,4.30719,29.1887,-2.05124,-3.98299,19.2242,1.37241,2.64236,65.8919,0.273931,-2.47712,60.0227
-0.70181,4.33161,28.7541,-2.12933,-3.81664,18.791,1.34332,2.53265,65.6998,0.247411,-2.53801,60.0184
-0.118518,0.0545254,27.675,-3.29965,-18.5746,24.4612,9.81264,15.053,61.5323,-6.33652,10.4445,50.7995
-0.34691,0.94381,30.6208,-1.85646,-7.41083,10.0981,7.81301,10.8717,59.71,-4.7844,7.27606,51.7116
-0.141817,0.503512,30.4009,-2.27741,-7.87718,10.6801,7.25678,10.6778,61.2007,-4.74087,6.95714,51.5491
-0.011018,0.141145,30.2054,-2.85119,-9.07723,12.2791,6.85878,10.2339,61.7538,-4.5848,6.4439,51.8551
0.106829,-0.161686,30.1084,-3.45886,-10.2662,13.9197,6.45762,9.81178,62.4459,-4.49449,5.88419,52.3583
0.199228,-0.394414,30.0072,-4.0001,-11.284,15.3637,6.09578,9.3503,63.198,-4.35564,5.2475,52.8971
0.248562,-0.534242,29.9587,-4.40582,-12.2434,16.7253,5.72927,8.77412,63.8361,-4.10794,4.50209,53.4154
0.229038,-0.47725,30.3725,-4.69084,-12.5557,17.3465,5.27065,8.22148,64.2621,-3.82277,3.84573,54.0511
0.198107,-0.429537,29.8495,-4.84312,-13.6519,19.088,4.88872,7.55082,64.915,-3.33749,2.91091,54.5697
0.194862,-0.339243,29.5115,-4.81913,-14.2679,22.3167,4.41179,6.94356,65.402,-2.92888,2.10243,55.3011
0.151715,-0.210357,29.4642,-4.42536,-10.7114,29.9242,4.01585,6.26426,65.765,-2.49295,1.28816,55.6275
0.0480089,0.561497,29.9696,-3.46976,-7.51488,24.6007,3.38221,5.64007,66.0412,-2.21856,0.673691,56.2629
-0.0647228,1.29171,30.0174,-2.90911,-6.5399,21.1602,2.77956,5.04475,66.3029,-1.80856,0.0137333,56.9496
-0.165685,2.01296,29.9047,-2.65241,-6.01567,20.6682,2.13895,4.45797,66.5342,-1.33731,-0.698283,57.5475
-0.24506,2.56707,29.833,-2.49607,-5.65135,20.7575,1.6525,4.0275,66.7388,-0.961465,-1.26697,58.1348
-0.317937,2.94831,29.7845,-2.35699,-5.37252,20.8219,1.29965,3.69846,66.9479,-0.681627,-1.73209,58.6815
-0.386496,3.20094,29.7309,-2.24589,-5.16901,20.8014,1.06186,3.45307,67.1191,-0.471365,-2.10256,59.1411
-0.451492,3.37261,29.6504,-2.17953,-5.01833,20.7345,0.874811,3.25336,67.3136,-0.323819,-2.40819,59.6305
-0.511732,3.49959,29.5575,-2.13757,-4.89904,20.6347,0.736276,3.10084,67.4676,-0.214043,-2.64941,60.0563
-0.564433,3.60126,29.4701,-2.10253,-4.79917,20.5151,0.648244,2.99457,67.5508,-0.123569,-2.82849,60.3655
-0.600367,3.67839,29.3913,-2.08777,-4.7205,20.4106,0.588636,2.91419,67.6143,-0.0559741,-2.95854,60.6325
-0.653032,3.7483,29.2852,-2.11021,-4.64792,20.2963,0.543756,2.84439,67.6536,0.00603687,-3.06907,60.8564
-0.68814,3.80062,29.1928,-2.12259,-4.59079,20.1963,0.507324,2.78798,67.675,0.0417806,-3.14378,61.0436
-0.707751,3.84515,29.1244,-2.12912,-4.54129,20.1073,0.504597,2.75068,67.6498,0.0797644,-3.18021,61.1389
-0.730041,3.88258,29.0517,-2.13995,-4.49811,20.0203,0.501541,2.71638,67.6088,0.103122,-3.20068,61.2069
-0.756605,3.91414,28.9718,-2.15628,-4.45979,19.9312,0.492878,2.68458,67.5437,0.108085,-3.20762,61.2419
-0.759109,3.94145,28.9258,-2.15862,-4.42602,19.8538,0.525236,2.66735,67.4509,0.130292,-3.17943,61.2021
-0.757607,3.96545,28.8883,-2.15989,-4.39553,19.7803,0.567987,2.65471,67.338,0.150878,-3.13397,61.1223
-0.752309,3.98582,28.858,-2.15957,-4.36933,19.7145,0.61364,2.64816,67.2192,0.164387,-3.07551,61.018
-0.739533,4.00454,28.8515,-2.15667,-4.34666,19.6603,0.672057,2.65637,67.0818,0.176304,-3.00004,60.8607
-0.721325,4.02308,28.8588,-2.14975,-4.3261,19.6139,0.742926,2.66386,66.9673,0.201019,-2.9212,60.7133
-0.705099,4.0395,28.8654,-2.14326,-4.30584,19.5729,0.795851,2.66894,66.8519,0.210593,-2.85717,60.5815
-0.692543,4.05307,28.8636,-2.13827,-4.2879,19.535,0.846672,2.67275,66.7571,0.220065,-2.80551,60.4871
-0.682682,4.0651,28.8569,-2.13491,-4.27162,19.4971,0.897541,2.67741,66.6666,0.228978,-2.76001,60.4044
-0.673481,4.07573,28.8511,-2.1313,-4.257,19.4623,0.946556,2.68139,66.5912,0.235962,-2.71898,60.3416
-0.666197,4.08577,28.8441,-2.12877,-4.24328,19.4274,0.995459,2.68516,66.5156,0.242123,-2.6804,60.2819
-0.658553,4.09556,28.8405,-2.12567,-4.23019,19.3944,1.04377,2.69048,66.4563,0.247539,-2.64537,60.2385
-0.651881,4.10565,28.838,-2.12265,-4.21691,19.3621,1.08944,2.6943,66.3956,0.25102,-2.61254,60.1967
-0.646629,4.11603,28.8361,-2.12034,-4.20354,19.3291,1.13412,2.69822,66.3384,0.253582,-2.58207,60.1601
-0.641815,4.12752,28.8369,-2.11764,-4.18918,19.2965,1.17561,2.70058,66.2835,0.254725,-2.55427,60.1282
-0.638245,4.14021,28.8397,-2.11525,-4.17378,19.2634,1.21461,2.70196,66.2304,0.254835,-2.52913,60.1005
-0.635844,4.15463,28.8447,-2.11288,-4.15677,19.2295,1.25032,2.70151,66.1779,0.254116,-2.50696,60.0764
-0.634756,4.17125,28.8526,-2.11057,-4.13774,19.1945,1.28254,2.69902,66.1263,0.252926,-2.48789,60.0563
-0.635135,4.19103,28.8635,-2.10815,-4.1157,19.1566,1.30974,2.69261,66.071,0.251695,-2.47285,60.038
-0.636993,4.21506,28.8781,-2.10647,-4.08953,19.1107,1.33208,2.68291,66.0169,0.250815,-2.46134,60.0247
-0.641289,4.24256,28.8915,-2.10407,-4.05944,19.0652,1.34848,2.66765,65.9586,0.251129,-2.45516,60.0135
-0.643722,4.26974,28.942,-2.08859,-4.02814,19.0903,1.36177,2.64604,65.9005,0.256775,-2.45774,60.0045
-0.63128,4.30722,29.1888,-2.05131,-3.98309,19.2243,1.37244,2.64236,65.8919,0.274059,-2.47707,60.0225
-0.701811,4.33163,28.7542,-2.12942,-3.81672,18.791,1.34334,2.53264,65.6997,0.247526,-2.53795,60.0182
-0.118715,0.0549505,27.6775,-3.29983,-18.5756,24.4625,9.81249,15.0525,61.5305,-6.33687,10.4457,50.7981
-0.347101,0.944101,30.6234,-1.85667,-7.41185,10.0994,7.81289,10.871,59.7085,-4.78462,7.27701,51.71
-0.141971,0.503728,30.4031,-2.27763,-7.87822,10.6814,7.25668,10.6772,61.1994,-4.74108,6.95796,51.5476
-0.0111551,0.141339,30.2074,-2.85137,-9.07816,12.2803,6.8587,10.2333,61.7526,-4.585,6.44467,51.8537
0.106707,-0.161499,30.1102,-3.45901,-10.267,13.9207,6.45758,9.81126,62.4448,-4.4947,5.88494,52.357
0.199124,-0.394259,30.0088,-4.00022,-11.2848,15.3647,6.09578,9.34984,63.1969,-4.35586,5.2482,52.8958
0.248482,-0.534173,29.9602,-4.4059,-12.2441,16.7262,5.72931,8.77371,63.8351,-4.10816,4.50273,53.4142
0.228977,-0.477233,30.3738,-4.6909,-12.5564,17.3473,5.27072,8.22112,64.2612,-3.823,3.84633,54.05
0.198071,-0.429616,29.8506,-4.84312,-13.6524,19.0887,4.88883,7.55049,64.9143,-3.33772,2.91143,54.5686
0.194849,-0.339365,29.5124,-4.81907,-14.2682,22.3176,4.41195,6.94332,65.4014,-2.9291,2.10293,55.3
0.151715,-0.210429,29.4649,-4.42528,-10.7114,29.9251,4.01603,6.26414,65.7644,-2.49317,1.28871,55.6266
0.0480124,0.561415,29.9702,-3.46968,-7.51507,24.6007,3.38238,5.6399,66.0407,-2.21877,0.674161,56.262
-0.0647147,1.29159,30.0179,-2.90908,-6.54017,21.1605,2.77972,5.04455,66.3025,-1.80874,0.0141146,56.9488
-0.165673,2.01286,29.9052,-2.65238,-6.01589,20.6686,2.13911,4.45781,66.5338,-1.33746,-0.697928,57.5468
-0.245047,2.56701,29.8333,-2.49602,-5.6515,20.7579,1.65264,4.02738,66.7385,-0.961598,-1.26662,58.1342
-0.317921,2.94829,29.7848,-2.35694,-5.37261,20.8222,1.29979,3.69837,66.9476,-0.681744,-1.73175,58.681
-0.386478,3.20093,29.7312,-2.24583,-5.16906,20.8016,1.06199,3.453,67.1187,-0.471468,-2.10225,59.1407
-0.451473,3.37261,29.6506,-2.17947,-5.01836,20.7347,0.874929,3.25329,67.3133,-0.323913,-2.40792,59.6301
-0.511714,3.49959,29.5577,-2.13751,-4.89905,20.6348,0.736382,3.10076,67.4673,-0.214129,-2.64917,60.0559
-0.564415,3.60126,29.4702,-2.10246,-4.79917,20.5152,0.648339,2.99448,67.5505,-0.12365,-2.82828,60.3651
-0.600351,3.67839,29.3914,-2.0877,-4.72048,20.4107,0.58872,2.9141,67.6141,-0.0560509,-2.95835,60.6322
-0.653018,3.7483,29.2853,-2.11014,-4.64789,20.2964,0.543829,2.8443,67.6534,0.00596268,-3.0689,60.8561
-0.688129,3.80063,29.1929,-2.12252,-4.59075,20.1963,0.507386,2.78788,67.6748,0.0417079,-3.14363,61.0434
-0.707742,3.84515,29.1245,-2.12906,-4.54126,20.1074,0.50465,2.75059,67.6496,0.0796923,-3.18008,61.1386
-0.730034,3.88258,29.0517,-2.13988,-4.49806,20.0204,0.501585,2.7163,67.6086,0.10305,-3.20056,61.2067
-0.756601,3.91415,28.9719,-2.15621,-4.45974,19.9312,0.492915,2.68449,67.5435,0.108011,-3.20751,61.2417
-0.759106,3.94145,28.9259,-2.15856,-4.42597,19.8538,0.525267,2.66727,67.4508,0.130218,-3.17933,61.202
-0.757606,3.96546,28.8884,-2.15982,-4.39548,19.7803,0.568012,2.65463,67.3378,0.150802,-3.13388,61.1222
-0.75231,3.98583,28.8581,-2.1595,-4.36928,19.7145,0.61366,2.64808,67.219,0.164309,-3.07543,61.0179
-0.739535,4.00454,28.8515,-2.1566,-4.34661,19.6603,0.672073,2.6563,67.0816,0.176224,-2.99996,60.8605
-0.721329,4.02307,28.8589,-2.14969,-4.32605,19.6139,0.742938,2.6638,66.9672,0.200936,-2.92113,60.7132
-0.705105,4.03949,28.8654,-2.1432,-4.30579,19.573,0.79586,2.66888,66.8518,0.210508,-2.85711,60.5814
-0.69255,4.05306,28.8637,-2.13821,-4.28785,19.5351,0.846678,2.67269,66.757,0.219977,-2.80545,60.4871
-0.68269,4.06509,28.8569,-2.13486,-4.27157,19.4971,0.897545,2.67736,66.6665,0.228887,-2.75996,60.4043
-0.67349,4.07572,28.8512,-2.13124,-4.25695,19.4623,0.946557,2.68135,66.5911,0.235869,-2.71894,60.3416
-0.666207,4.08575,28.8441,-2.12872,-4.24323,19.4275,0.995458,2.68512,66.5155,0.242027,-2.68036,60.2818
-0.658564,4.09554,28.8406,-2.12561,-4.23014,19.3944,1.04377,2.69043,66.4562,0.247441,-2.64533,60.2385
-0.651893,4.10563,28.8381,-2.12259,-4.21686,19.3622,1.08943,2.69426,66.3955,0.25092,-2.61251,60.1966
-0.646642,4.11601,28.8362,-2.12029,-4.2035,19.3292,1.13411,2.69819,66.3383,0.25348,-2.58205,60.1601
-0.641829,4.1275,28.837,-2.11758,-4.18914,19.2966,1.1756,2.70055,66.2834,0.254621,-2.55426,60.1282
-0.638259,4.14018,28.8397,-2.1152,-4.17373,19.2634,1.2146,2.70194,66.2304,0.254729,-2.52912,60.1005
-0.635858,4.1546,28.8447,-2.11283,-4.15673,19.2295,1.2503,2.70149,66.1779,0.254008,-2.50695,60.0764
-0.63477,4.17122,28.8526,-2.11052,-4.13769,19.1945,1.28253,2.699,66.1263,0.252817,-2.48789,60.0563
-0.63515,4.191,28.8635,-2.1081,-4.11565,19.1566,1.30972,2.69259,66.071,0.251585,-2.47286,60.038
-0.637007,4.21503,28.8781,-2.10641,-4.08948,19.1108,1.33206,2.68289,66.0169,0.250705,-2.46136,60.0248
-0.641302,4.24253,28.8915,-2.10402,-4.05939,19.0652,1.34846,2.66764,65.9586,0.25102,-2.45518,60.0136
-0.643733,4.26971,28.9419,-2.08853,-4.02808,19.0903,1.36175,2.64604,65.9005,0.256667,-2.45777,60.0046
-0.631293,4.30719,29.1887,-2.05125,-3.98301,19.2242,1.37242,2.64236,65.8919,0.273954,-2.47711,60.0226
-0.70181,4.33161,28.7541,-2.12935,-3.81666,18.791,1.34333,2.53265,65.6997,0.247431,-2.53799,60.0184
-0.118557,0.0546075,27.6755,-3.29969,-18.5748,24.4615,9.81262,15.0529,61.5319,-6.33659,10.4447,50.7992
-0.346948,0.943864,30.6213,-1.8565,-7.41104,10.0984,7.81299,10.8715,59.7097,-4.78445,7.27625,51.7113
-0.141848,0.503553,30.4013,-2.27746,-7.87739,10.6803,7.25676,10.6777,61.2004,-4.74092,6.95731,51.5488
-0.011046,0.141182,30.2058,-2.85123,-9.07742,12.2793,6.85876,10.2338,61.7536,-4.58484,6.44406,51.8548
0.106804,-0.16165,30.1088,-3.45889,-10.2664,13.9199,6.45761,9.81167,62.4457,-4.49453,5.88434,52.358
0.199206,-0.394384,30.0075,-4.00012,-11.2842,15.3639,6.09578,9.3502,63.1977,-4.35568,5.24764,52.8968
0.248545,-0.534229,29.959,-4.40583,-12.2435,16.7255,5.72928,8.77404,63.8359,-4.10799,4.50222,53.4151
0.229025,-0.477247,30.3727,-4.69085,-12.5559,17.3467,5.27066,8.2214,64.2619,-3.82282,3.84585,54.0509
0.198099,-0.429553,29.8498,-4.84312,-13.652,19.0882,4.88874,7.55075,64.9148,-3.33754,2.91101,54.5695
0.194859,-0.339268,29.5117,-4.81912,-14.268,22.3169,4.41182,6.94351,65.4019,-2.92892,2.10253,55.3008
0.151714,-0.210369,29.4643,-4.42534,-10.7114,29.9244,4.01589,6.26423,65.7649,-2.493,1.28827,55.6273
0.0480088,0.561484,29.9697,-3.46974,-7.51491,24.6007,3.38225,5.64003,66.0411,-2.21861,0.673785,56.2627
-0.0647218,1.29169,30.0175,-2.90911,-6.53995,21.1602,2.77959,5.04471,66.3028,-1.8086,0.0138089,56.9494
-0.165683,2.01295,29.9048,-2.65241,-6.01571,20.6682,2.13899,4.45794,66.5341,-1.33734,-0.698213,57.5473
-0.245058,2.56706,29.833,-2.49606,-5.65138,20.7576,1.65253,4.02747,66.7388,-0.961495,-1.2669,58.1347
-0.317934,2.94831,29.7846,-2.35698,-5.37253,20.822,1.29968,3.69844,66.9478,-0.681654,-1.73202,58.6814
-0.386493,3.20094,29.731,-2.24587,-5.16902,20.8014,1.06189,3.45306,67.119,-0.471389,-2.1025,59.141
-0.451488,3.37261,29.6505,-2.17952,-5.01833,20.7346,0.874838,3.25335,67.3135,-0.323842,-2.40814,59.6304
-0.511729,3.49959,29.5575,-2.13756,-4.89904,20.6347,0.736301,3.10082,67.4675,-0.214064,-2.64936,60.0562
-0.56443,3.60126,29.4701,-2.10252,-4.79917,20.5151,0.648267,2.99455,67.5507,-0.12359,-2.82845,60.3654
-0.600364,3.67839,29.3913,-2.08775,-4.7205,20.4107,0.588657,2.91417,67.6142,-0.0559941,-2.9585,60.6325
-0.653029,3.7483,29.2852,-2.1102,-4.64791,20.2963,0.543775,2.84437,67.6536,0.00601732,-3.06904,60.8564
-0.688138,3.80062,29.1928,-2.12258,-4.59078,20.1963,0.507341,2.78796,67.675,0.0417613,-3.14375,61.0436
-0.707749,3.84515,29.1244,-2.12911,-4.54129,20.1074,0.504612,2.75066,67.6497,0.0797453,-3.18018,61.1388
-0.730039,3.88258,29.0517,-2.13993,-4.4981,20.0203,0.501554,2.71637,67.6087,0.103102,-3.20065,61.2069
-0.756604,3.91414,28.9718,-2.15626,-4.45978,19.9312,0.49289,2.68456,67.5437,0.108065,-3.2076,61.2418
-0.759109,3.94145,28.9259,-2.15861,-4.42601,19.8538,0.525247,2.66733,67.4509,0.130273,-3.17941,61.2021
-0.757607,3.96545,28.8883,-2.15988,-4.39552,19.7803,0.567996,2.65469,67.3379,0.150858,-3.13395,61.1223
-0.752309,3.98582,28.858,-2.15955,-4.36932,19.7145,0.613648,2.64814,67.2191,0.164367,-3.0755,61.018
-0.739534,4.00454,28.8515,-2.15665,-4.34665,19.6603,0.672064,2.65635,67.0817,0.176284,-3.00002,60.8606
-0.721326,4.02308,28.8588,-2.14974,-4.32609,19.6139,0.742932,2.66385,66.9673,0.200998,-2.92118,60.7133
-0.705101,4.0395,28.8654,-2.14325,-4.30583,19.5729,0.795857,2.66893,66.8518,0.210572,-2.85716,60.5815
-0.692545,4.05306,28.8636,-2.13826,-4.28789,19.535,0.846677,2.67274,66.7571,0.220043,-2.8055,60.4871
-0.682684,4.0651,28.8569,-2.1349,-4.27161,19.4971,0.897545,2.6774,66.6666,0.228956,-2.76,60.4043
-0.673483,4.07573,28.8511,-2.13128,-4.25699,19.4623,0.946559,2.68138,66.5912,0.235939,-2.71897,60.3416
-0.666199,4.08577,28.8441,-2.12876,-4.24327,19.4274,0.995462,2.68516,66.5156,0.2421,-2.68039,60.2818
-0.658555,4.09556,28.8405,-2.12565,-4.23018,19.3944,1.04377,2.69047,66.4563,0.247515,-2.64536,60.2385
-0.651883,4.10564,28.838,-2.12264,-4.2169,19.3621,1.08944,2.69429,66.3956,0.250997,-2.61253,60.1967
-0.646632,4.11603,28.8361,-2.12033,-4.20354,19.3291,1.13412,2.69822,66.3384,0.253558,-2.58207,60.1601
-0.641818,4.12751,28.837,-2.11763,-4.18917,19.2965,1.17561,2.70058,66.2835,0.254701,-2.55427,60.1282
-0.638248,4.1402,28.8397,-2.11524,-4.17377,19.2634,1.21461,2.70196,66.2304,0.25481,-2.52913,60.1005
-0.635847,4.15462,28.8447,-2.11287,-4.15676,19.2295,1.25032,2.70151,66.1779,0.254091,-2.50695,60.0764
-0.634758,4.17124,28.8526,-2.11056,-4.13773,19.1945,1.28254,2.69902,66.1263,0.252901,-2.48789,60.0563
-0.635138,4.19102,28.8635,-2.10814,-4.11569,19.1566,1.30974,2.6926,66.071,0.25167,-2.47285,60.038
-0.636996,4.21506,28.8781,-2.10646,-4.08952,19.1108,1.33208,2.6829,66.0169,0.25079,-2.46134,60.0248
-0.641292,4.24255,28.8915,-2.10406,-4.05943,19.0652,1.34847,2.66765,65.9586,0.251104,-2.45516,60.0136
-0.643724,4.26973,28.942,-2.08858,-4.02813,19.0903,1.36177,2.64604,65.9005,0.25675,-2.45774,60.0045
-0.631283,4.30721,29.1888,-2.05129,-3.98307,19.2243,1.37244,2.64236,65.8919,0.274035,-2.47708,60.0225
-0.70181,4.33162,28.7542,-2.12941,-3.81671,18.791,1.34334,2.53264,65.6997,0.247504,-2.53796,60.0183
-0.118682,0.0548773,27.6771,-3.2998,-18.5755,24.4623,9.81252,15.0526,61.5308,-6.33681,10.4455,50.7983
-0.34707,0.94405,30.623,-1.85663,-7.41169,10.0992,7.81291,10.8711,59.7088,-4.78459,7.27686,51.7103
-0.141946,0.50369,30.4028,-2.2776,-7.87805,10.6812,7.25669,10.6773,61.1996,-4.74105,6.95783,51.5478
-0.0111328,0.141305,30.2071,-2.85134,-9.07801,12.2801,6.85872,10.2334,61.7528,-4.58497,6.44454,51.8539
0.106727,-0.161531,30.1099,-3.45899,-10.2669,13.9205,6.45758,9.81134,62.445,-4.49466,5.88482,52.3572
0.19914,-0.394286,30.0086,-4.0002,-11.2847,15.3645,6.09578,9.34991,63.1971,-4.35582,5.24809,52.896
0.248494,-0.534185,29.9599,-4.40589,-12.244,16.726,5.7293,8.77377,63.8353,-4.10813,4.50262,53.4143
0.228986,-0.477236,30.3735,-4.69089,-12.5563,17.3472,5.27071,8.22118,64.2614,-3.82296,3.84623,54.0502
0.198076,-0.429603,29.8504,-4.84312,-13.6524,19.0886,4.88882,7.55054,64.9144,-3.33769,2.91135,54.5688
0.194851,-0.339345,29.5123,-4.81908,-14.2682,22.3175,4.41192,6.94336,65.4015,-2.92907,2.10285,55.3002
0.151714,-0.210415,29.4648,-4.42529,-10.7114,29.925,4.016,6.26416,65.7645,-2.49313,1.28862,55.6268
0.0480111,0.561432,29.9701,-3.46969,-7.51503,24.6007,3.38235,5.63993,66.0408,-2.21873,0.674083,56.2622
-0.0647166,1.29161,30.0178,-2.90909,-6.54012,21.1605,2.77969,5.04458,66.3026,-1.80871,0.0140506,56.9489
-0.165676,2.01288,29.9051,-2.65239,-6.01586,20.6685,2.13908,4.45783,66.5338,-1.33744,-0.697988,57.5469
-0.245049,2.56702,29.8332,-2.49603,-5.65147,20.7578,1.65262,4.0274,66.7385,-0.961579,-1.26668,58.1343
-0.317924,2.94829,29.7848,-2.35695,-5.37259,20.8222,1.29977,3.69839,66.9476,-0.681728,-1.73181,58.6811
-0.386481,3.20094,29.7311,-2.24583,-5.16905,20.8016,1.06197,3.45301,67.1188,-0.471454,-2.1023,59.1407
-0.451476,3.37261,29.6506,-2.17948,-5.01835,20.7347,0.874913,3.2533,67.3133,-0.323901,-2.40796,59.6302
-0.511717,3.49959,29.5576,-2.13752,-4.89905,20.6348,0.736368,3.10077,67.4673,-0.214118,-2.64921,60.056
-0.564419,3.60126,29.4702,-2.10247,-4.79917,20.5152,0.648327,2.9945,67.5505,-0.12364,-2.82831,60.3652
-0.600354,3.67839,29.3914,-2.08771,-4.72049,20.4107,0.58871,2.91412,67.6141,-0.056042,-2.95838,60.6323
-0.653021,3.7483,29.2852,-2.11015,-4.64789,20.2964,0.543821,2.84432,67.6534,0.00597107,-3.06893,60.8562
-0.688131,3.80063,29.1928,-2.12253,-4.59076,20.1963,0.507379,2.7879,67.6748,0.041716,-3.14365,61.0434
-0.707743,3.84515,29.1245,-2.12907,-4.54126,20.1074,0.504645,2.75061,67.6496,0.0797003,-3.1801,61.1387
-0.730035,3.88258,29.0517,-2.13989,-4.49807,20.0203,0.501581,2.71631,67.6086,0.103057,-3.20057,61.2067
-0.756601,3.91414,28.9719,-2.15622,-4.45975,19.9312,0.492912,2.68451,67.5436,0.10802,-3.20753,61.2417
-0.759107,3.94145,28.9259,-2.15857,-4.42598,19.8538,0.525265,2.66728,67.4508,0.130226,-3.17935,61.202
-0.757606,3.96545,28.8884,-2.15983,-4.39549,19.7803,0.568011,2.65464,67.3378,0.150811,-3.13389,61.1222
-0.75231,3.98582,28.858,-2.15951,-4.36929,19.7145,0.61366,2.6481,67.2191,0.164318,-3.07544,61.0179
-0.739535,4.00454,28.8515,-2.15661,-4.34661,19.6603,0.672073,2.65631,67.0817,0.176234,-2.99997,60.8606
-0.721329,4.02307,28.8589,-2.1497,-4.32606,19.6139,0.742939,2.66381,66.9672,0.200946,-2.92114,60.7132
-0.705104,4.03949,28.8654,-2.14321,-4.30579,19.573,0.795862,2.66889,66.8518,0.210519,-2.85712,60.5815
-0.692549,4.05306,28.8637,-2.13822,-4.28786,19.535,0.84668,2.6727,66.757,0.219988,-2.80546,60.4871
-0.682689,4.06509,28.8569,-2.13487,-4.27158,19.4971,0.897547,2.67737,66.6665,0.228899,-2.75997,60.4043
-0.673488,4.07572,28.8512,-2.13125,-4.25696,19.4623,0.94656,2.68135,66.5911,0.235881,-2.71895,60.3416
-0.666205,4.08576,28.8441,-2.12873,-4.24324,19.4274,0.99546,2.68513,66.5155,0.24204,-2.68037,60.2818
-0.658562,4.09554,28.8406,-2.12562,-4.23015,19.3944,1.04377,2.69044,66.4562,0.247454,-2.64534,60.2385
-0.651891,4.10563,28.8381,-2.1226,-4.21687,19.3622,1.08943,2.69427,66.3955,0.250934,-2.61251,60.1966
-0.64664,4.11601,28.8362,-2.1203,-4.20351,19.3292,1.13411,2.69819,66.3383,0.253494,-2.58206,60.1601
-0.641826,4.1275,28.837,-2.11759,-4.18914,19.2965,1.17561,2.70056,66.2834,0.254635,-2.55426,60.1282
-0.638257,4.14019,28.8397,-2.11521,-4.17374,19.2634,1.2146,2.70194,66.2304,0.254744,-2.52912,60.1005
-0.635856,4.15461,28.8447,-2.11283,-4.15673,19.2295,1.25031,2.70149,66.1779,0.254023,-2.50695,60.0764
-0.634768,4.17123,28.8526,-2.11053,-4.1377,19.1945,1.28253,2.699,66.1263,0.252832,-2.48789,60.0563
-0.635148,4.191,28.8635,-2.10811,-4.11566,19.1566,1.30973,2.69259,66.071,0.251601,-2.47286,60.038
-0.637005,4.21504,28.8781,-2.10642,-4.08949,19.1108,1.33207,2.68289,66.0169,0.250721,-2.46135,60.0248
-0.6413,4.24253,28.8915,-2.10403,-4.0594,19.0652,1.34846,2.66764,65.9586,0.251036,-2.45517,60.0136
-0.643731,4.26971,28.9419,-2.08854,-4.02809,19.0903,1.36176,2.64604,65.9005,0.256683,-2.45776,60.0046
-0.631291,4.3072,29.1887,-2.05126,-3.98302,19.2242,1.37243,2.64236,65.8919,0.273969,-2.4771,60.0226
-0.70181,4.33161,28.7541,-2.12936,-3.81667,18.791,1.34334,2.53265,65.6997,0.247444,-2.53798,60.0184
-0.118582,0.0546607,27.6758,-3.29972,-18.5749,24.4616,9.8126,15.0528,61.5317,-6.33664,10.4449,50.799
-0.346973,0.9439,30.6217,-1.85653,-7.41117,10.0986,7.81297,10.8715,59.7095,-4.78448,7.27638,51.7111
-0.141868,0.503579,30.4016,-2.27749,-7.87753,10.6805,7.25675,10.6776,61.2003,-4.74094,6.95742,51.5486
-0.0110638,0.141206,30.2061,-2.85125,-9.07754,12.2795,6.85875,10.2337,61.7534,-4.58487,6.44416,51.8546
0.106788,-0.161626,30.109,-3.45891,-10.2665,13.92,6.4576,9.8116,62.4456,-4.49456,5.88444,52.3579
0.199192,-0.394364,30.0077,-4.00014,-11.2843,15.3641,6.09578,9.35014,63.1976,-4.35571,5.24773,52.8966
0.248535,-0.53422,29.9592,-4.40584,-12.2436,16.7256,5.72928,8.77398,63.8358,-4.10802,4.5023,53.415
0.229017,-0.477245,30.3729,-4.69086,-12.556,17.3468,5.27067,8.22136,64.2618,-3.82285,3.84593,54.0508
0.198094,-0.429563,29.8499,-4.84312,-13.6521,19.0882,4.88876,7.55071,64.9148,-3.33757,2.91108,54.5693
0.194857,-0.339283,29.5118,-4.81911,-14.268,22.3171,4.41184,6.94348,65.4018,-2.92895,2.10259,55.3007
0.151714,-0.210378,29.4644,-4.42533,-10.7114,29.9245,4.01591,6.26422,65.7648,-2.49303,1.28834,55.6272
0.048009,0.561475,29.9698,-3.46972,-7.51493,24.6007,3.38227,5.64001,66.041,-2.21863,0.673845,56.2626
-0.0647211,1.29167,30.0176,-2.9091,-6.53998,21.1603,2.77961,5.04468,66.3028,-1.80863,0.0138574,56.9493
-0.165682,2.01293,29.9049,-2.6524,-6.01574,20.6683,2.13901,4.45791,66.534,-1.33736,-0.698168,57.5472
-0.245057,2.56705,29.8331,-2.49605,-5.6514,20.7576,1.65255,4.02746,66.7387,-0.961514,-1.26685,58.1346
-0.317932,2.9483,29.7846,-2.35697,-5.37254,20.822,1.2997,3.69843,66.9478,-0.681671,-1.73198,58.6814
-0.386491,3.20094,29.731,-2.24586,-5.16902,20.8015,1.06191,3.45305,67.1189,-0.471404,-2.10246,59.141
-0.451486,3.37261,29.6505,-2.17951,-5.01834,20.7346,0.874855,3.25333,67.3135,-0.323856,-2.4081,59.6304
-0.511727,3.49959,29.5576,-2.13755,-4.89904,20.6347,0.736317,3.10081,67.4675,-0.214077,-2.64933,60.0562
-0.564427,3.60126,29.4701,-2.10251,-4.79917,20.5151,0.648281,2.99454,67.5507,-0.123602,-2.82842,60.3653
-0.600362,3.67839,29.3913,-2.08775,-4.72049,20.4107,0.58867,2.91416,67.6142,-0.0560056,-2.95848,60.6324
-0.653028,3.7483,29.2852,-2.11019,-4.64791,20.2964,0.543786,2.84436,67.6535,0.0060061,-3.06901,60.8563
-0.688136,3.80062,29.1928,-2.12257,-4.59078,20.1963,0.50735,2.78795,67.6749,0.0417503,-3.14373,61.0435
-0.707748,3.84515,29.1244,-2.1291,-4.54128,20.1074,0.50462,2.75065,67.6497,0.0797343,-3.18017,61.1388
-0.730038,3.88258,29.0517,-2.13993,-4.49809,20.0203,0.501561,2.71636,67.6087,0.103091,-3.20064,61.2068
-0.756604,3.91414,28.9718,-2.15625,-4.45977,19.9312,0.492896,2.68455,67.5436,0.108054,-3.20758,61.2418
-0.759108,3.94145,28.9259,-2.1586,-4.42601,19.8538,0.525252,2.66732,67.4509,0.130261,-3.1794,61.2021
-0.757607,3.96545,28.8883,-2.15987,-4.39551,19.7803,0.568001,2.65468,67.3379,0.150847,-3.13394,61.1223
-0.752309,3.98582,28.858,-2.15954,-4.36931,19.7145,0.613652,2.64813,67.2191,0.164355,-3.07549,61.018
-0.739534,4.00454,28.8515,-2.15665,-4.34664,19.6603,0.672067,2.65634,67.0817,0.176272,-3.00001,60.8606
-0.721327,4.02307,28.8588,-2.14973,-4.32608,19.6139,0.742935,2.66384,66.9672,0.200986,-2.92117,60.7133
-0.705101,4.03949,28.8654,-2.14324,-4.30582,19.5729,0.795859,2.66893,66.8518,0.21056,-2.85715,60.5815
-0.692546,4.05306,28.8636,-2.13825,-4.28789,19.535,0.846679,2.67273,66.7571,0.220031,-2.80549,60.4871
-0.682685,4.0651,28.8569,-2.13489,-4.2716,19.4971,0.897547,2.6774,66.6665,0.228943,-2.75999,60.4043
-0.673484,4.07572,28.8511,-2.13128,-4.25698,19.4623,0.946561,2.68138,66.5912,0.235926,-2.71897,60.3416
-0.6662,4.08576,28.8441,-2.12875,-4.24326,19.4274,0.995463,2.68515,66.5156,0.242087,-2.68039,60.2818
-0.658557,4.09555,28.8406,-2.12565,-4.23017,19.3944,1.04378,2.69046,66.4563,0.247502,-2.64535,60.2385
-0.651885,4.10564,28.838,-2.12263,-4.21689,19.3621,1.08944,2.69429,66.3956,0.250983,-2.61253,60.1967
-0.646633,4.11602,28.8361,-2.12032,-4.20353,19.3291,1.13412,2.69821,66.3384,0.253544,-2.58207,60.1601
-0.641819,4.12751,28.837,-2.11762,-4.18916,19.2965,1.17561,2.70057,66.2835,0.254686,-2.55427,60.1282
-0.63825,4.1402,28.8397,-2.11523,-4.17376,19.2634,1.21461,2.70196,66.2304,0.254796,-2.52913,60.1005
-0.635849,4.15462,28.8447,-2.11286,-4.15676,19.2295,1.25031,2.70151,66.1779,0.254076,-2.50695,60.0764
-0.63476,4.17124,28.8526,-2.11055,-4.13772,19.1945,1.28254,2.69902,66.1263,0.252886,-2.48789,60.0563
-0.63514,4.19102,28.8635,-2.10814,-4.11568,19.1566,1.30974,2.6926,66.071,0.251655,-2.47285,60.038
-0.636997,4.21505,28.8781,-2.10645,-4.08951,19.1108,1.33208,2.6829,66.0169,0.250775,-2.46134,60.0248
-0.641293,4.24255,28.8915,-2.10405,-4.05942,19.0652,1.34847,2.66765,65.9586,0.251089,-2.45516,60.0136
-0.643725,4.26972,28.942,-2.08857,-4.02812,19.0903,1.36177,2.64604,65.9005,0.256736,-2.45775,60.0045
-0.631284,4.30721,29.1888,-2.05129,-3.98306,19.2243,1.37244,2.64236,65.8919,0.274021,-2.47708,60.0225
-0.70181,4.33162,28.7542,-2.1294,-3.8167,18.791,1.34334,2.53264,65.6997,0.247491,-2.53796,60.0183
-0.118661,0.0548318,27.6768,-3.29979,-18.5754,24.4622,9.81253,15.0527,61.531,-6.33678,10.4454,50.7984
-0.34705,0.944018,30.6227,-1.85661,-7.41158,10.0991,7.81292,10.8712,59.7089,-4.78457,7.27676,51.7104
-0.14193,0.503666,30.4025,-2.27757,-7.87794,10.681,7.2567,10.6773,61.1997,-4.74103,6.95774,51.548
-0.0111187,0.141284,30.2069,-2.85133,-9.07791,12.28,6.85872,10.2335,61.7529,-4.58495,6.44447,51.854
0.10674,-0.161551,30.1097,-3.45897,-10.2668,13.9204,6.45759,9.8114,62.4451,-4.49464,5.88474,52.3574
0.199151,-0.394302,30.0084,-4.00019,-11.2846,15.3644,6.09578,9.34996,63.1972,-4.3558,5.24801,52.8962
0.248502,-0.534192,29.9598,-4.40588,-12.2439,16.7259,5.7293,8.77382,63.8354,-4.10811,4.50256,53.4145
0.228992,-0.477238,30.3734,-4.69088,-12.5562,17.3471,5.2707,8.22122,64.2615,-3.82294,3.84617,54.0503
0.19808,-0.429595,29.8503,-4.84312,-13.6523,19.0885,4.8888,7.55058,64.9145,-3.33766,2.91129,54.5689
0.194852,-0.339332,29.5122,-4.81909,-14.2681,22.3174,4.41191,6.94338,65.4016,-2.92904,2.10279,55.3003
0.151714,-0.210407,29.4647,-4.4253,-10.7114,29.9249,4.01598,6.26417,65.7645,-2.49311,1.28856,55.6269
0.0480105,0.561441,29.9701,-3.46969,-7.51501,24.6007,3.38234,5.63994,66.0408,-2.21871,0.674034,56.2622
-0.0647177,1.29162,30.0178,-2.90909,-6.54009,21.1604,2.77968,5.0446,66.3026,-1.8087,0.0140105,56.949
-0.165677,2.01289,29.905,-2.65239,-6.01583,20.6685,2.13907,4.45785,66.5339,-1.33742,-0.698025,57.5469
-0.245051,2.56703,29.8332,-2.49603,-5.65146,20.7578,1.65261,4.02741,66.7386,-0.961566,-1.26671,58.1344
-0.317926,2.9483,29.7847,-2.35695,-5.37258,20.8221,1.29976,3.6984,66.9476,-0.681717,-1.73184,58.6811
-0.386483,3.20094,29.7311,-2.24584,-5.16904,20.8016,1.06196,3.45302,67.1188,-0.471445,-2.10234,59.1408
-0.451478,3.37261,29.6506,-2.17948,-5.01835,20.7347,0.874902,3.2533,67.3134,-0.323892,-2.40799,59.6302
-0.511719,3.49959,29.5576,-2.13752,-4.89904,20.6348,0.736359,3.10078,67.4674,-0.214111,-2.64924,60.056
-0.56442,3.60126,29.4702,-2.10248,-4.79917,20.5152,0.648319,2.9945,67.5506,-0.123633,-2.82834,60.3652
-0.600356,3.67839,29.3914,-2.08772,-4.72049,20.4107,0.588702,2.91413,67.6141,-0.0560357,-2.9584,60.6323
-0.653022,3.7483,29.2852,-2.11016,-4.64789,20.2964,0.543815,2.84433,67.6534,0.00597712,-3.06895,60.8562
-0.688132,3.80063,29.1928,-2.12254,-4.59076,20.1963,0.507374,2.78791,67.6749,0.0417219,-3.14367,61.0434
-0.707744,3.84515,29.1244,-2.12907,-4.54126,20.1074,0.504641,2.75061,67.6496,0.0797066,-3.18011,61.1387
-0.730036,3.88258,29.0517,-2.1399,-4.49807,20.0203,0.501578,2.71632,67.6086,0.103063,-3.20059,61.2068
-0.756602,3.91414,28.9719,-2.15623,-4.45975,19.9312,0.49291,2.68452,67.5436,0.108026,-3.20754,61.2417
-0.759107,3.94145,28.9259,-2.15857,-4.42599,19.8538,0.525264,2.66729,67.4508,0.130232,-3.17936,61.202
-0.757606,3.96545,28.8883,-2.15984,-4.39549,19.7803,0.56801,2.65465,67.3378,0.150817,-3.1339,61.1222
-0.75231,3.98582,28.858,-2.15952,-4.36929,19.7145,0.61366,2.6481,67.2191,0.164325,-3.07545,61.0179
-0.739535,4.00454,28.8515,-2.15662,-4.34662,19.6603,0.672073,2.65632,67.0817,0.176241,-2.99998,60.8606
-0.721328,4.02307,28.8589,-2.14971,-4.32606,19.6139,0.74294,2.66381,66.9672,0.200953,-2.92115,60.7132
-0.705103,4.03949,28.8654,-2.14321,-4.3058,19.573,0.795862,2.6689,66.8518,0.210526,-2.85713,60.5815
-0.692548,4.05306,28.8637,-2.13822,-4.28787,19.535,0.846681,2.67271,66.757,0.219996,-2.80547,60.4871
-0.682688,4.06509,28.8569,-2.13487,-4.27158,19.4971,0.897548,2.67738,66.6665,0.228907,-2.75997,60.4043
-0.673487,4.07572,28.8512,-2.13125,-4.25696,19.4623,0.946561,2.68136,66.5911,0.235889,-2.71895,60.3416
-0.666204,4.08576,28.8441,-2.12873,-4.24324,19.4274,0.995462,2.68513,66.5155,0.242049,-2.68037,60.2818
-0.658561,4.09555,28.8406,-2.12563,-4.23016,19.3944,1.04377,2.69045,66.4562,0.247463,-2.64534,60.2385
-0.651889,4.10563,28.8381,-2.12261,-4.21687,19.3622,1.08944,2.69427,66.3956,0.250943,-2.61251,60.1966
-0.646638,4.11601,28.8362,-2.1203,-4.20351,19.3291,1.13411,2.6982,66.3383,0.253504,-2.58206,60.1601
-0.641825,4.1275,28.837,-2.1176,-4.18915,19.2965,1.17561,2.70056,66.2834,0.254645,-2.55426,60.1282
-0.638255,4.14019,28.8397,-2.11521,-4.17375,19.2634,1.21461,2.70194,66.2304,0.254754,-2.52913,60.1005
-0.635854,4.15461,28.8447,-2.11284,-4.15674,19.2295,1.25031,2.7015,66.1779,0.254033,-2.50695,60.0764
-0.634766,4.17123,28.8526,-2.11053,-4.1377,19.1945,1.28253,2.69901,66.1263,0.252843,-2.48789,60.0563
-0.635146,4.19101,28.8635,-2.10811,-4.11567,19.1566,1.30973,2.69259,66.071,0.251612,-2.47286,60.038
-0.637003,4.21504,28.8781,-2.10643,-4.08949,19.1108,1.33207,2.68289,66.0169,0.250731,-2.46135,60.0248
-0.641298,4.24253,28.8915,-2.10403,-4.0594,19.0652,1.34846,2.66764,65.9586,0.251046,-2.45517,60.0136
-0.64373,4.26971,28.9419,-2.08855,-4.0281,19.0903,1.36176,2.64604,65.9005,0.256693,-2.45776,60.0046
-0.631289,4.3072,29.1887,-2.05127,-3.98303,19.2242,1.37243,2.64236,65.8919,0.273979,-2.4771,60.0226
-0.70181,4.33161,28.7542,-2.12937,-3.81668,18.791,1.34334,2.53265,65.6997,0.247453,-2.53798,60.0184
-0.118661,0.0548318,27.6768,-3.29979,-18.5754,24.4622,9.81253,15.0527,61.531,-6.33678,10.4454,50.7984
-0.34705,0.944018,30.6227,-1.85661,-7.41158,10.0991,7.81292,10.8712,59.7089,-4.78457,7.27676,51.7104
-0.14193,0.503666,30.4025,-2.27757,-7.87794,10.681,7.2567,10.6773,61.1997,-4.74103,6.95774,51.548
-0.0111187,0.141284,30.2069,-2.85133,-9.07791,12.28,6.85872,10.2335,61.7529,-4.58495,6.44447,51.854
0.10674,-0.161551,30.1097,-3.45897,-10.2668,13.9204,6.45759,9.8114,62.4451,-4.49464,5.88474,52.3574
0.199151,-0.394302,30.0084,-4.00019,-11.2846,15.3644,6.09578,9.34996,63.1972,-4.3558,5.24801,52.8962
0.248502,-0.534192,29.9598,-4.40588,-12.2439,16.7259,5.7293,8.77382,63.8354,-4.10811,4.50256,53.4145
0.228992,-0.477238,30.3734,-4.69088,-12.5562,17.3471,5.2707,8.22122,64.2615,-3.82294,3.84617,54.0503
0.19808,-0.429595,29.8503,-4.84312,-13.6523,19.0885,4.8888,7.55058,64.9145,-3.33766,2.91129,54.5689
0.194852,-0.339332,29.5122,-4.81909,-14.2681,22.3174,4.41191,6.94338,65.4016,-2.92904,2.10279,55.3003
0.151714,-0.210407,29.4647,-4.4253,-10.7114,29.9249,4.01598,6.26417,65.7645,-2.49311,1.28856,55.6269
0.0480105,0.561441,29.9701,-3.46969,-7.51501,24.6007,3.38234,5.63994,66.0408,-2.21871,0.674034,56.2622
-0.0647177,1.29162,30.0178,-2.90909,-6.54009,21.1604,2.77968,5.0446,66.3026,-1.8087,0.0140105,56.949
-0.165677,2.01289,29.905,-2.65239,-6.01583,20.6685,2.13907,4.45785,66.5339,-1.33742,-0.698025,57.5469
-0.245051,2.56703,29.8332,-2.49603,-5.65146,20.7578,1.65261,4.02741,66.7386,-0.961566,-1.26671,58.1344
-0.317926,2.9483,29.7847,-2.35695,-5.37258,20.8221,1.29976,3.6984,66.9476,-0.681717,-1.73184,58.6811
-0.386483,3.20094,29.7311,-2.24584,-5.16904,20.8016,1.06196,3.45302,67.1188,-0.471445,-2.10234,59.1408
-0.451478,3.37261,29.6506,-2.17948,-5.01835,20.7347,0.874902,3.2533,67.3134,-0.323892,-2.40799,59.6302
-0.511719,3.49959,29.5576,-2.13752,-4.89904,20.6348,0.736359,3.10078,67.4674,-0.214111,-2.64924,60.056
-0.56442,3.60126,29.4702,-2.10248,-4.79917,20.5152,0.648319,2.9945,67.5506,-0.123633,-2.82834,60.3652
-0.600356,3.67839,29.3914,-2.08772,-4.72049,20.4107,0.588702,2.91413,67.6141,-0.0560357,-2.9584,60.6323
-0.653022,3.7483,29.2852,-2.11016,-4.64789,20.2964,0.543815,2.84433,67.6534,0.00597712,-3.06895,60.8562
-0.688132,3.80063,29.1928,-2.12254,-4.59076,20.1963,0.507374,2.78791,67.6749,0.0417219,-3.14367,61.0434
-0.707744,3.84515,29.1244,-2.12907,-4.54126,20.1074,0.504641,2.75061,67.6496,0.0797066,-3.18011,61.1387
-0.730036,3.88258,29.0517,-2.1399,-4.49807,20.0203,0.501578,2.71632,67.6086,0.103063,-3.20059,61.2068
-0.756602,3.91414,28.9719,-2.15623,-4.45975,19.9312,0.49291,2.68452,67.5436,0.108026,-3.20754,61.2417
-0.759107,3.94145,28.9259,-2.15857,-4.42599,19.8538,0.525264,2.66729,67.4508,0.130232,-3.17936,61.202
-0.757606,3.96545,28.8883,-2.15984,-4.39549,19.7803,0.56801,2.65465,67.3378,0.150817,-3.1339,61.1222
-0.75231,3.98582,28.858,-2.15952,-4.36929,19.7145,0.61366,2.6481,67.2191,0.164325,-3.07545,61.0179
-0.739535,4.00454,28.8515,-2.15662,-4.34662,19.6603,0.672073,2.65632,67.0817,0.176241,-2.99998,60.8606
-0.721328,4.02307,28.8589,-2.14971,-4.32606,19.6139,0.74294,2.66381,66.9672,0.200953,-2.92115,60.7132
-0.705103,4.03949,28.8654,-2.14321,-4.3058,19.573,0.795862,2.6689,66.8518,0.210526,-2.85713,60.5815
-0.692548,4.05306,28.8637,-2.13822,-4.28787,19.535,0.846681,2.67271,66.757,0.219996,-2.80547,60.4871
-0.682688,4.06509,28.8569,-2.13487,-4.27158,19.4971,0.897548,2.67738,66.6665,0.228907,-2.75997,60.4043
-0.673487,4.07572,28.8512,-2.13125,-4.25696,19.4623,0.946561,2.68136,66.5911,0.235889,-2.71895,60.3416
-0.666204,4.08576,28.8441,-2.12873,-4.24324,19.4274,0.995462,2.68513,66.5155,0.242049,-2.68037,60.2818
-0.658561,4.09555,28.8406,-2.12563,-4.23016,19.3944,1.04377,2.69045,66.4562,0.247463,-2.64534,60.2385
-0.651889,4.10563,28.8381,-2.12261,-4.21687,19.3622,1.08944,2.69427,66.3956,0.250943,-2.61251,60.1966
-0.646638,4.11601,28.8362,-2.1203,-4.20351,19.3291,1.13411,2.6982,66.3383,0.253504,-2.58206,60.1601
-0.641825,4.1275,28.837,-2.1176,-4.18915,19.2965,1.17561,2.70056,66.2834,0.254645,-2.55426,60.1282
-0.638255,4.14019,28.8397,-2.11521,-4.17375,19.2634,1.21461,2.70194,66.2304,0.254754,-2.52913,60.1005
-0.635854,4.15461,28.8447,-2.11284,-4.15674,19.2295,1.25031,2.7015,66.1779,0.254033,-2.50695,60.0764
-0.634766,4.17123,28.8526,-2.11053,-4.1377,19.1945,1.28253,2.69901,66.1263,0.252843,-2.48789,60.0563
-0.635146,4.19101,28.8635,-2.10811,-4.11567,19.1566,1.30973,2.69259,66.071,0.251612,-2.47286,60.038
-0.637003,4.21504,28.8781,-2.10643,-4.08949,19.1108,1.33207,2.68289,66.0169,0.250731,-2.46135,60.0248
-0.641298,4.24253,28.8915,-2.10403,-4.0594,19.0652,1.34846,2.66764,65.9586,0.251046,-2.45517,60.0136
-0.64373,4.26971,28.9419,-2.08855,-4.0281,19.0903,1.36176,2.64604,65.9005,0.256693,-2.45776,60.0046
-0.631289,4.3072,29.1887,-2.05127,-3.98303,19.2242,1.37243,2.64236,65.8919,0.273979,-2.4771,60.0226
-0.70181,4.33161,28.7542,-2.12937,-3.81668,18.791,1.34334,2.53265,65.6997,0.247453,-2.53798,60.0184
